    5      Number of Magnitude Bins
     4.000     5.000     6.000     7.000     8.000
    7      Number of Distance Bins 
     0.707    10.000    50.000   100.000   200.000   300.000   620.669
    6      Number of Epsilon Bins  
    -7.672    -1.000     0.000     1.000     2.000    16.458
    7      Number of Xcos(T) Bins  
     0.000     0.100     0.200     0.300     0.350     0.400     2.000


-------------------------------------------------------------------------------------------------------------------

 SITE 1 COORDINATES:    35.147   31.005
    1  nProb
   15
 AMP:                                                NaN       0.010       0.029       0.054       0.093       0.127       0.167       0.212       0.220       0.230       0.324       0.441       0.560       0.630       0.900

------------------

  M_bar                                              NaN   0.517E+01   0.573E+01   0.613E+01   0.649E+01   0.664E+01   0.673E+01   0.677E+01   0.678E+01   0.678E+01   0.680E+01   0.679E+01   0.673E+01   0.663E+01   0.555E+01
  D_bar                                              NaN   0.980E+02   0.646E+02   0.501E+02   0.386E+02   0.343E+02   0.315E+02   0.296E+02   0.293E+02   0.290E+02   0.269E+02   0.252E+02   0.231E+02   0.210E+02   0.569E+01
  Eps_bar                                            NaN  -0.463E+00  -0.404E-01   0.148E+00   0.421E+00   0.704E+00   0.103E+01   0.135E+01   0.140E+01   0.147E+01   0.196E+01   0.240E+01   0.270E+01   0.279E+01   0.257E+01
  XCosT_bar                                          NaN        -NaN        -NaN        -NaN        -NaN        -NaN        -NaN        -NaN        -NaN        -NaN        -NaN        -NaN        -NaN        -NaN        -NaN

------------------

 XCos(Theta) Bins
  0.0000  0.1000   0.000E+00   0.000E+00   0.000E+00   0.000E+00   0.000E+00   0.000E+00   0.000E+00   0.000E+00   0.000E+00   0.000E+00   0.000E+00   0.000E+00   0.000E+00   0.000E+00   0.000E+00
  0.1000  0.2000   0.000E+00   0.000E+00   0.000E+00   0.000E+00   0.000E+00   0.000E+00   0.000E+00   0.000E+00   0.000E+00   0.000E+00   0.000E+00   0.000E+00   0.000E+00   0.000E+00   0.000E+00
  0.2000  0.3000   0.000E+00   0.000E+00   0.000E+00   0.000E+00   0.000E+00   0.000E+00   0.000E+00   0.000E+00   0.000E+00   0.000E+00   0.000E+00   0.000E+00   0.000E+00   0.000E+00   0.000E+00
  0.3000  0.3500   0.000E+00   0.000E+00   0.000E+00   0.000E+00   0.000E+00   0.000E+00   0.000E+00   0.000E+00   0.000E+00   0.000E+00   0.000E+00   0.000E+00   0.000E+00   0.000E+00   0.000E+00
  0.3500  0.4000   0.000E+00   0.000E+00   0.000E+00   0.000E+00   0.000E+00   0.000E+00   0.000E+00   0.000E+00   0.000E+00   0.000E+00   0.000E+00   0.000E+00   0.000E+00   0.000E+00   0.000E+00
  0.4000  2.0000   0.000E+00   0.000E+00   0.000E+00   0.000E+00   0.000E+00   0.000E+00   0.000E+00   0.000E+00   0.000E+00   0.000E+00   0.000E+00   0.000E+00   0.000E+00   0.000E+00   0.000E+00

------------------


     Eps. Range     Mag. Range   Dist. Range

     -7.7   16.5    4.0    5.0    0.7   10.0   0.000E+00   0.239E-02   0.125E-01   0.296E-01   0.463E-01   0.523E-01   0.565E-01   0.598E-01   0.603E-01   0.609E-01   0.645E-01   0.656E-01   0.671E-01   0.720E-01   0.911E-01
     -7.7   16.5    4.0    5.0   10.0   50.0   0.000E+00   0.335E+00   0.249E+00   0.123E+00   0.510E-01   0.301E-01   0.196E-01   0.148E-01   0.142E-01   0.136E-01   0.827E-02   0.361E-02   0.797E-03   0.111E-03   0.000E+00
     -7.7   16.5    4.0    5.0   50.0  100.0   0.000E+00   0.160E+00   0.274E-01   0.410E-02   0.726E-04   0.000E+00   0.000E+00   0.000E+00   0.000E+00   0.000E+00   0.000E+00   0.000E+00   0.000E+00   0.000E+00   0.000E+00
     -7.7   16.5    4.0    5.0  100.0  200.0   0.000E+00   0.246E-01   0.456E-03   0.000E+00   0.000E+00   0.000E+00   0.000E+00   0.000E+00   0.000E+00   0.000E+00   0.000E+00   0.000E+00   0.000E+00   0.000E+00   0.000E+00
     -7.7   16.5    4.0    5.0  200.0  300.0   0.000E+00   0.823E-03   0.000E+00   0.000E+00   0.000E+00   0.000E+00   0.000E+00   0.000E+00   0.000E+00   0.000E+00   0.000E+00   0.000E+00   0.000E+00   0.000E+00   0.000E+00
     -7.7   16.5    4.0    5.0  300.0  620.7   0.000E+00   0.163E-04   0.000E+00   0.000E+00   0.000E+00   0.000E+00   0.000E+00   0.000E+00   0.000E+00   0.000E+00   0.000E+00   0.000E+00   0.000E+00   0.000E+00   0.000E+00
     -7.7   16.5    5.0    6.0    0.7   10.0   0.000E+00   0.253E-03   0.139E-02   0.417E-02   0.111E-01   0.188E-01   0.298E-01   0.437E-01   0.463E-01   0.496E-01   0.806E-01   0.121E+00   0.177E+00   0.235E+00   0.738E+00
     -7.7   16.5    5.0    6.0   10.0   50.0   0.000E+00   0.624E-01   0.213E+00   0.251E+00   0.182E+00   0.136E+00   0.106E+00   0.843E-01   0.812E-01   0.777E-01   0.529E-01   0.407E-01   0.437E-01   0.477E-01   0.470E-01
     -7.7   16.5    5.0    6.0   50.0  100.0   0.000E+00   0.916E-01   0.958E-01   0.469E-01   0.148E-01   0.587E-02   0.190E-02   0.345E-03   0.226E-03   0.122E-03   0.000E+00   0.000E+00   0.000E+00   0.000E+00   0.000E+00
     -7.7   16.5    5.0    6.0  100.0  200.0   0.000E+00   0.910E-01   0.225E-01   0.433E-02   0.217E-03   0.000E+00   0.000E+00   0.000E+00   0.000E+00   0.000E+00   0.000E+00   0.000E+00   0.000E+00   0.000E+00   0.000E+00
     -7.7   16.5    5.0    6.0  200.0  300.0   0.000E+00   0.266E-01   0.138E-02   0.483E-05   0.000E+00   0.000E+00   0.000E+00   0.000E+00   0.000E+00   0.000E+00   0.000E+00   0.000E+00   0.000E+00   0.000E+00   0.000E+00
     -7.7   16.5    5.0    6.0  300.0  620.7   0.000E+00   0.165E-01   0.126E-03   0.000E+00   0.000E+00   0.000E+00   0.000E+00   0.000E+00   0.000E+00   0.000E+00   0.000E+00   0.000E+00   0.000E+00   0.000E+00   0.000E+00
     -7.7   16.5    6.0    7.0    0.7   10.0   0.000E+00   0.809E-05   0.446E-04   0.136E-03   0.396E-03   0.759E-03   0.141E-02   0.244E-02   0.265E-02   0.293E-02   0.602E-02   0.108E-01   0.177E-01   0.249E-01   0.966E-01
     -7.7   16.5    6.0    7.0   10.0   50.0   0.000E+00   0.115E-01   0.602E-01   0.141E+00   0.203E+00   0.206E+00   0.196E+00   0.185E+00   0.183E+00   0.180E+00   0.159E+00   0.121E+00   0.656E-01   0.348E-01   0.229E-01
     -7.7   16.5    6.0    7.0   50.0  100.0   0.000E+00   0.189E-01   0.678E-01   0.746E-01   0.461E-01   0.303E-01   0.200E-01   0.120E-01   0.108E-01   0.938E-02   0.285E-02   0.000E+00   0.000E+00   0.000E+00   0.000E+00
     -7.7   16.5    6.0    7.0  100.0  200.0   0.000E+00   0.530E-01   0.800E-01   0.443E-01   0.155E-01   0.650E-02   0.187E-02   0.133E-03   0.551E-04   0.800E-05   0.000E+00   0.000E+00   0.000E+00   0.000E+00   0.000E+00
     -7.7   16.5    6.0    7.0  200.0  300.0   0.000E+00   0.222E-01   0.661E-02   0.134E-02   0.482E-04   0.000E+00   0.000E+00   0.000E+00   0.000E+00   0.000E+00   0.000E+00   0.000E+00   0.000E+00   0.000E+00   0.000E+00
     -7.7   16.5    6.0    7.0  300.0  620.7   0.000E+00   0.344E-01   0.445E-02   0.345E-03   0.000E+00   0.000E+00   0.000E+00   0.000E+00   0.000E+00   0.000E+00   0.000E+00   0.000E+00   0.000E+00   0.000E+00   0.000E+00
     -7.7   16.5    7.0    8.0    0.7   10.0   0.000E+00   0.000E+00   0.000E+00   0.000E+00   0.000E+00   0.000E+00   0.000E+00   0.000E+00   0.000E+00   0.000E+00   0.000E+00   0.000E+00   0.000E+00   0.000E+00   0.000E+00
     -7.7   16.5    7.0    8.0   10.0   50.0   0.000E+00   0.119E-01   0.649E-01   0.182E+00   0.374E+00   0.477E+00   0.544E+00   0.583E+00   0.588E+00   0.594E+00   0.625E+00   0.637E+00   0.629E+00   0.586E+00   0.444E-02
     -7.7   16.5    7.0    8.0   50.0  100.0   0.000E+00   0.894E-02   0.397E-01   0.563E-01   0.398E-01   0.276E-01   0.191E-01   0.135E-01   0.125E-01   0.113E-01   0.122E-02   0.560E-04   0.000E+00   0.000E+00   0.000E+00
     -7.7   16.5    7.0    8.0  100.0  200.0   0.000E+00   0.123E-01   0.367E-01   0.303E-01   0.141E-01   0.785E-02   0.386E-02   0.993E-03   0.618E-03   0.309E-03   0.000E+00   0.000E+00   0.000E+00   0.000E+00   0.000E+00
     -7.7   16.5    7.0    8.0  200.0  300.0   0.000E+00   0.698E-02   0.114E-01   0.603E-02   0.200E-02   0.744E-03   0.115E-03   0.000E+00   0.000E+00   0.000E+00   0.000E+00   0.000E+00   0.000E+00   0.000E+00   0.000E+00
     -7.7   16.5    7.0    8.0  300.0  620.7   0.000E+00   0.879E-02   0.407E-02   0.111E-02   0.920E-04   0.268E-06   0.000E+00   0.000E+00   0.000E+00   0.000E+00   0.000E+00   0.000E+00   0.000E+00   0.000E+00   0.000E+00

------------------


     Eps. Range     Mag. Range   Dist. Range

     -7.7   -1.0    4.0    5.0    0.7   10.0   0.000E+00   0.239E-02   0.121E-01   0.119E-01   0.270E-02   0.346E-03   0.000E+00   0.000E+00   0.000E+00   0.000E+00   0.000E+00   0.000E+00   0.000E+00   0.000E+00   0.000E+00
     -7.7   -1.0    4.0    5.0   10.0   50.0   0.000E+00   0.857E-01   0.909E-02   0.803E-03   0.000E+00   0.000E+00   0.000E+00   0.000E+00   0.000E+00   0.000E+00   0.000E+00   0.000E+00   0.000E+00   0.000E+00   0.000E+00
     -7.7   -1.0    4.0    5.0   50.0  100.0   0.000E+00   0.000E+00   0.000E+00   0.000E+00   0.000E+00   0.000E+00   0.000E+00   0.000E+00   0.000E+00   0.000E+00   0.000E+00   0.000E+00   0.000E+00   0.000E+00   0.000E+00
     -7.7   -1.0    4.0    5.0  100.0  200.0   0.000E+00   0.000E+00   0.000E+00   0.000E+00   0.000E+00   0.000E+00   0.000E+00   0.000E+00   0.000E+00   0.000E+00   0.000E+00   0.000E+00   0.000E+00   0.000E+00   0.000E+00
     -7.7   -1.0    4.0    5.0  200.0  300.0   0.000E+00   0.000E+00   0.000E+00   0.000E+00   0.000E+00   0.000E+00   0.000E+00   0.000E+00   0.000E+00   0.000E+00   0.000E+00   0.000E+00   0.000E+00   0.000E+00   0.000E+00
     -7.7   -1.0    4.0    5.0  300.0  620.7   0.000E+00   0.000E+00   0.000E+00   0.000E+00   0.000E+00   0.000E+00   0.000E+00   0.000E+00   0.000E+00   0.000E+00   0.000E+00   0.000E+00   0.000E+00   0.000E+00   0.000E+00
     -7.7   -1.0    5.0    6.0    0.7   10.0   0.000E+00   0.253E-03   0.139E-02   0.417E-02   0.768E-02   0.568E-02   0.260E-02   0.555E-03   0.294E-03   0.121E-03   0.000E+00   0.000E+00   0.000E+00   0.000E+00   0.000E+00
     -7.7   -1.0    5.0    6.0   10.0   50.0   0.000E+00   0.624E-01   0.474E-01   0.689E-02   0.180E-02   0.000E+00   0.000E+00   0.000E+00   0.000E+00   0.000E+00   0.000E+00   0.000E+00   0.000E+00   0.000E+00   0.000E+00
     -7.7   -1.0    5.0    6.0   50.0  100.0   0.000E+00   0.413E-01   0.000E+00   0.000E+00   0.000E+00   0.000E+00   0.000E+00   0.000E+00   0.000E+00   0.000E+00   0.000E+00   0.000E+00   0.000E+00   0.000E+00   0.000E+00
     -7.7   -1.0    5.0    6.0  100.0  200.0   0.000E+00   0.127E-02   0.000E+00   0.000E+00   0.000E+00   0.000E+00   0.000E+00   0.000E+00   0.000E+00   0.000E+00   0.000E+00   0.000E+00   0.000E+00   0.000E+00   0.000E+00
     -7.7   -1.0    5.0    6.0  200.0  300.0   0.000E+00   0.000E+00   0.000E+00   0.000E+00   0.000E+00   0.000E+00   0.000E+00   0.000E+00   0.000E+00   0.000E+00   0.000E+00   0.000E+00   0.000E+00   0.000E+00   0.000E+00
     -7.7   -1.0    5.0    6.0  300.0  620.7   0.000E+00   0.000E+00   0.000E+00   0.000E+00   0.000E+00   0.000E+00   0.000E+00   0.000E+00   0.000E+00   0.000E+00   0.000E+00   0.000E+00   0.000E+00   0.000E+00   0.000E+00
     -7.7   -1.0    6.0    7.0    0.7   10.0   0.000E+00   0.809E-05   0.446E-04   0.136E-03   0.396E-03   0.729E-03   0.516E-03   0.252E-03   0.184E-03   0.143E-03   0.000E+00   0.000E+00   0.000E+00   0.000E+00   0.000E+00
     -7.7   -1.0    6.0    7.0   10.0   50.0   0.000E+00   0.115E-01   0.581E-01   0.394E-01   0.578E-03   0.719E-04   0.000E+00   0.000E+00   0.000E+00   0.000E+00   0.000E+00   0.000E+00   0.000E+00   0.000E+00   0.000E+00
     -7.7   -1.0    6.0    7.0   50.0  100.0   0.000E+00   0.189E-01   0.790E-02   0.000E+00   0.000E+00   0.000E+00   0.000E+00   0.000E+00   0.000E+00   0.000E+00   0.000E+00   0.000E+00   0.000E+00   0.000E+00   0.000E+00
     -7.7   -1.0    6.0    7.0  100.0  200.0   0.000E+00   0.383E-01   0.000E+00   0.000E+00   0.000E+00   0.000E+00   0.000E+00   0.000E+00   0.000E+00   0.000E+00   0.000E+00   0.000E+00   0.000E+00   0.000E+00   0.000E+00
     -7.7   -1.0    6.0    7.0  200.0  300.0   0.000E+00   0.238E-03   0.000E+00   0.000E+00   0.000E+00   0.000E+00   0.000E+00   0.000E+00   0.000E+00   0.000E+00   0.000E+00   0.000E+00   0.000E+00   0.000E+00   0.000E+00
     -7.7   -1.0    6.0    7.0  300.0  620.7   0.000E+00   0.000E+00   0.000E+00   0.000E+00   0.000E+00   0.000E+00   0.000E+00   0.000E+00   0.000E+00   0.000E+00   0.000E+00   0.000E+00   0.000E+00   0.000E+00   0.000E+00
     -7.7   -1.0    7.0    8.0    0.7   10.0   0.000E+00   0.000E+00   0.000E+00   0.000E+00   0.000E+00   0.000E+00   0.000E+00   0.000E+00   0.000E+00   0.000E+00   0.000E+00   0.000E+00   0.000E+00   0.000E+00   0.000E+00
     -7.7   -1.0    7.0    8.0   10.0   50.0   0.000E+00   0.119E-01   0.649E-01   0.163E+00   0.000E+00   0.000E+00   0.000E+00   0.000E+00   0.000E+00   0.000E+00   0.000E+00   0.000E+00   0.000E+00   0.000E+00   0.000E+00
     -7.7   -1.0    7.0    8.0   50.0  100.0   0.000E+00   0.894E-02   0.398E-02   0.000E+00   0.000E+00   0.000E+00   0.000E+00   0.000E+00   0.000E+00   0.000E+00   0.000E+00   0.000E+00   0.000E+00   0.000E+00   0.000E+00
     -7.7   -1.0    7.0    8.0  100.0  200.0   0.000E+00   0.123E-01   0.000E+00   0.000E+00   0.000E+00   0.000E+00   0.000E+00   0.000E+00   0.000E+00   0.000E+00   0.000E+00   0.000E+00   0.000E+00   0.000E+00   0.000E+00
     -7.7   -1.0    7.0    8.0  200.0  300.0   0.000E+00   0.620E-02   0.000E+00   0.000E+00   0.000E+00   0.000E+00   0.000E+00   0.000E+00   0.000E+00   0.000E+00   0.000E+00   0.000E+00   0.000E+00   0.000E+00   0.000E+00
     -7.7   -1.0    7.0    8.0  300.0  620.7   0.000E+00   0.542E-03   0.000E+00   0.000E+00   0.000E+00   0.000E+00   0.000E+00   0.000E+00   0.000E+00   0.000E+00   0.000E+00   0.000E+00   0.000E+00   0.000E+00   0.000E+00
     -1.0    0.0    4.0    5.0    0.7   10.0   0.000E+00   0.000E+00   0.418E-03   0.158E-01   0.202E-01   0.119E-01   0.446E-02   0.964E-03   0.648E-03   0.265E-03   0.000E+00   0.000E+00   0.000E+00   0.000E+00   0.000E+00
     -1.0    0.0    4.0    5.0   10.0   50.0   0.000E+00   0.180E+00   0.196E-01   0.137E-01   0.932E-03   0.000E+00   0.000E+00   0.000E+00   0.000E+00   0.000E+00   0.000E+00   0.000E+00   0.000E+00   0.000E+00   0.000E+00
     -1.0    0.0    4.0    5.0   50.0  100.0   0.000E+00   0.350E-01   0.000E+00   0.000E+00   0.000E+00   0.000E+00   0.000E+00   0.000E+00   0.000E+00   0.000E+00   0.000E+00   0.000E+00   0.000E+00   0.000E+00   0.000E+00
     -1.0    0.0    4.0    5.0  100.0  200.0   0.000E+00   0.000E+00   0.000E+00   0.000E+00   0.000E+00   0.000E+00   0.000E+00   0.000E+00   0.000E+00   0.000E+00   0.000E+00   0.000E+00   0.000E+00   0.000E+00   0.000E+00
     -1.0    0.0    4.0    5.0  200.0  300.0   0.000E+00   0.000E+00   0.000E+00   0.000E+00   0.000E+00   0.000E+00   0.000E+00   0.000E+00   0.000E+00   0.000E+00   0.000E+00   0.000E+00   0.000E+00   0.000E+00   0.000E+00
     -1.0    0.0    4.0    5.0  300.0  620.7   0.000E+00   0.000E+00   0.000E+00   0.000E+00   0.000E+00   0.000E+00   0.000E+00   0.000E+00   0.000E+00   0.000E+00   0.000E+00   0.000E+00   0.000E+00   0.000E+00   0.000E+00
     -1.0    0.0    5.0    6.0    0.7   10.0   0.000E+00   0.000E+00   0.000E+00   0.000E+00   0.343E-02   0.123E-01   0.186E-01   0.171E-01   0.166E-01   0.154E-01   0.435E-02   0.000E+00   0.000E+00   0.000E+00   0.000E+00
     -1.0    0.0    5.0    6.0   10.0   50.0   0.000E+00   0.000E+00   0.127E+00   0.567E-01   0.125E-01   0.946E-02   0.236E-02   0.000E+00   0.000E+00   0.000E+00   0.000E+00   0.000E+00   0.000E+00   0.000E+00   0.000E+00
     -1.0    0.0    5.0    6.0   50.0  100.0   0.000E+00   0.434E-01   0.125E-01   0.000E+00   0.000E+00   0.000E+00   0.000E+00   0.000E+00   0.000E+00   0.000E+00   0.000E+00   0.000E+00   0.000E+00   0.000E+00   0.000E+00
     -1.0    0.0    5.0    6.0  100.0  200.0   0.000E+00   0.307E-01   0.000E+00   0.000E+00   0.000E+00   0.000E+00   0.000E+00   0.000E+00   0.000E+00   0.000E+00   0.000E+00   0.000E+00   0.000E+00   0.000E+00   0.000E+00
     -1.0    0.0    5.0    6.0  200.0  300.0   0.000E+00   0.000E+00   0.000E+00   0.000E+00   0.000E+00   0.000E+00   0.000E+00   0.000E+00   0.000E+00   0.000E+00   0.000E+00   0.000E+00   0.000E+00   0.000E+00   0.000E+00
     -1.0    0.0    5.0    6.0  300.0  620.7   0.000E+00   0.000E+00   0.000E+00   0.000E+00   0.000E+00   0.000E+00   0.000E+00   0.000E+00   0.000E+00   0.000E+00   0.000E+00   0.000E+00   0.000E+00   0.000E+00   0.000E+00
     -1.0    0.0    6.0    7.0    0.7   10.0   0.000E+00   0.000E+00   0.000E+00   0.000E+00   0.000E+00   0.309E-04   0.897E-03   0.211E-02   0.220E-02   0.219E-02   0.147E-02   0.530E-04   0.000E+00   0.000E+00   0.000E+00
     -1.0    0.0    6.0    7.0   10.0   50.0   0.000E+00   0.000E+00   0.208E-02   0.944E-01   0.624E-01   0.129E-02   0.133E-02   0.197E-03   0.108E-03   0.244E-04   0.000E+00   0.000E+00   0.000E+00   0.000E+00   0.000E+00
     -1.0    0.0    6.0    7.0   50.0  100.0   0.000E+00   0.000E+00   0.536E-01   0.108E-01   0.000E+00   0.000E+00   0.000E+00   0.000E+00   0.000E+00   0.000E+00   0.000E+00   0.000E+00   0.000E+00   0.000E+00   0.000E+00
     -1.0    0.0    6.0    7.0  100.0  200.0   0.000E+00   0.145E-01   0.128E-01   0.000E+00   0.000E+00   0.000E+00   0.000E+00   0.000E+00   0.000E+00   0.000E+00   0.000E+00   0.000E+00   0.000E+00   0.000E+00   0.000E+00
     -1.0    0.0    6.0    7.0  200.0  300.0   0.000E+00   0.105E-01   0.000E+00   0.000E+00   0.000E+00   0.000E+00   0.000E+00   0.000E+00   0.000E+00   0.000E+00   0.000E+00   0.000E+00   0.000E+00   0.000E+00   0.000E+00
     -1.0    0.0    6.0    7.0  300.0  620.7   0.000E+00   0.348E-02   0.000E+00   0.000E+00   0.000E+00   0.000E+00   0.000E+00   0.000E+00   0.000E+00   0.000E+00   0.000E+00   0.000E+00   0.000E+00   0.000E+00   0.000E+00
     -1.0    0.0    7.0    8.0    0.7   10.0   0.000E+00   0.000E+00   0.000E+00   0.000E+00   0.000E+00   0.000E+00   0.000E+00   0.000E+00   0.000E+00   0.000E+00   0.000E+00   0.000E+00   0.000E+00   0.000E+00   0.000E+00
     -1.0    0.0    7.0    8.0   10.0   50.0   0.000E+00   0.000E+00   0.000E+00   0.191E-01   0.338E+00   0.762E-01   0.000E+00   0.000E+00   0.000E+00   0.000E+00   0.000E+00   0.000E+00   0.000E+00   0.000E+00   0.000E+00
     -1.0    0.0    7.0    8.0   50.0  100.0   0.000E+00   0.000E+00   0.358E-01   0.345E-02   0.000E+00   0.000E+00   0.000E+00   0.000E+00   0.000E+00   0.000E+00   0.000E+00   0.000E+00   0.000E+00   0.000E+00   0.000E+00
     -1.0    0.0    7.0    8.0  100.0  200.0   0.000E+00   0.000E+00   0.256E-01   0.000E+00   0.000E+00   0.000E+00   0.000E+00   0.000E+00   0.000E+00   0.000E+00   0.000E+00   0.000E+00   0.000E+00   0.000E+00   0.000E+00
     -1.0    0.0    7.0    8.0  200.0  300.0   0.000E+00   0.783E-03   0.619E-03   0.000E+00   0.000E+00   0.000E+00   0.000E+00   0.000E+00   0.000E+00   0.000E+00   0.000E+00   0.000E+00   0.000E+00   0.000E+00   0.000E+00
     -1.0    0.0    7.0    8.0  300.0  620.7   0.000E+00   0.629E-02   0.000E+00   0.000E+00   0.000E+00   0.000E+00   0.000E+00   0.000E+00   0.000E+00   0.000E+00   0.000E+00   0.000E+00   0.000E+00   0.000E+00   0.000E+00
      0.0    1.0    4.0    5.0    0.7   10.0   0.000E+00   0.000E+00   0.000E+00   0.194E-02   0.214E-01   0.304E-01   0.293E-01   0.209E-01   0.190E-01   0.177E-01   0.401E-02   0.000E+00   0.000E+00   0.000E+00   0.000E+00
      0.0    1.0    4.0    5.0   10.0   50.0   0.000E+00   0.683E-01   0.112E+00   0.181E-01   0.153E-01   0.587E-02   0.193E-03   0.000E+00   0.000E+00   0.000E+00   0.000E+00   0.000E+00   0.000E+00   0.000E+00   0.000E+00
      0.0    1.0    4.0    5.0   50.0  100.0   0.000E+00   0.799E-01   0.000E+00   0.000E+00   0.000E+00   0.000E+00   0.000E+00   0.000E+00   0.000E+00   0.000E+00   0.000E+00   0.000E+00   0.000E+00   0.000E+00   0.000E+00
      0.0    1.0    4.0    5.0  100.0  200.0   0.000E+00   0.191E-02   0.000E+00   0.000E+00   0.000E+00   0.000E+00   0.000E+00   0.000E+00   0.000E+00   0.000E+00   0.000E+00   0.000E+00   0.000E+00   0.000E+00   0.000E+00
      0.0    1.0    4.0    5.0  200.0  300.0   0.000E+00   0.000E+00   0.000E+00   0.000E+00   0.000E+00   0.000E+00   0.000E+00   0.000E+00   0.000E+00   0.000E+00   0.000E+00   0.000E+00   0.000E+00   0.000E+00   0.000E+00
      0.0    1.0    4.0    5.0  300.0  620.7   0.000E+00   0.000E+00   0.000E+00   0.000E+00   0.000E+00   0.000E+00   0.000E+00   0.000E+00   0.000E+00   0.000E+00   0.000E+00   0.000E+00   0.000E+00   0.000E+00   0.000E+00
      0.0    1.0    5.0    6.0    0.7   10.0   0.000E+00   0.000E+00   0.000E+00   0.000E+00   0.000E+00   0.871E-03   0.866E-02   0.250E-01   0.274E-01   0.310E-01   0.487E-01   0.329E-01   0.115E-01   0.226E-02   0.000E+00
      0.0    1.0    5.0    6.0   10.0   50.0   0.000E+00   0.000E+00   0.389E-01   0.150E+00   0.524E-01   0.133E-01   0.206E-01   0.165E-01   0.148E-01   0.132E-01   0.162E-03   0.000E+00   0.000E+00   0.000E+00   0.000E+00
      0.0    1.0    5.0    6.0   50.0  100.0   0.000E+00   0.690E-02   0.547E-01   0.677E-02   0.000E+00   0.000E+00   0.000E+00   0.000E+00   0.000E+00   0.000E+00   0.000E+00   0.000E+00   0.000E+00   0.000E+00   0.000E+00
      0.0    1.0    5.0    6.0  100.0  200.0   0.000E+00   0.472E-01   0.872E-03   0.000E+00   0.000E+00   0.000E+00   0.000E+00   0.000E+00   0.000E+00   0.000E+00   0.000E+00   0.000E+00   0.000E+00   0.000E+00   0.000E+00
      0.0    1.0    5.0    6.0  200.0  300.0   0.000E+00   0.881E-02   0.000E+00   0.000E+00   0.000E+00   0.000E+00   0.000E+00   0.000E+00   0.000E+00   0.000E+00   0.000E+00   0.000E+00   0.000E+00   0.000E+00   0.000E+00
      0.0    1.0    5.0    6.0  300.0  620.7   0.000E+00   0.000E+00   0.000E+00   0.000E+00   0.000E+00   0.000E+00   0.000E+00   0.000E+00   0.000E+00   0.000E+00   0.000E+00   0.000E+00   0.000E+00   0.000E+00   0.000E+00
      0.0    1.0    6.0    7.0    0.7   10.0   0.000E+00   0.000E+00   0.000E+00   0.000E+00   0.000E+00   0.000E+00   0.000E+00   0.803E-04   0.271E-03   0.597E-03   0.455E-02   0.652E-02   0.451E-02   0.287E-02   0.000E+00
      0.0    1.0    6.0    7.0   10.0   50.0   0.000E+00   0.000E+00   0.000E+00   0.724E-02   0.133E+00   0.151E+00   0.514E-01   0.263E-02   0.281E-02   0.297E-02   0.149E-02   0.000E+00   0.000E+00   0.000E+00   0.000E+00
      0.0    1.0    6.0    7.0   50.0  100.0   0.000E+00   0.000E+00   0.633E-02   0.559E-01   0.932E-02   0.000E+00   0.000E+00   0.000E+00   0.000E+00   0.000E+00   0.000E+00   0.000E+00   0.000E+00   0.000E+00   0.000E+00
      0.0    1.0    6.0    7.0  100.0  200.0   0.000E+00   0.235E-03   0.567E-01   0.550E-02   0.000E+00   0.000E+00   0.000E+00   0.000E+00   0.000E+00   0.000E+00   0.000E+00   0.000E+00   0.000E+00   0.000E+00   0.000E+00
      0.0    1.0    6.0    7.0  200.0  300.0   0.000E+00   0.115E-01   0.152E-03   0.000E+00   0.000E+00   0.000E+00   0.000E+00   0.000E+00   0.000E+00   0.000E+00   0.000E+00   0.000E+00   0.000E+00   0.000E+00   0.000E+00
      0.0    1.0    6.0    7.0  300.0  620.7   0.000E+00   0.215E-01   0.000E+00   0.000E+00   0.000E+00   0.000E+00   0.000E+00   0.000E+00   0.000E+00   0.000E+00   0.000E+00   0.000E+00   0.000E+00   0.000E+00   0.000E+00
      0.0    1.0    7.0    8.0    0.7   10.0   0.000E+00   0.000E+00   0.000E+00   0.000E+00   0.000E+00   0.000E+00   0.000E+00   0.000E+00   0.000E+00   0.000E+00   0.000E+00   0.000E+00   0.000E+00   0.000E+00   0.000E+00
      0.0    1.0    7.0    8.0   10.0   50.0   0.000E+00   0.000E+00   0.000E+00   0.000E+00   0.358E-01   0.398E+00   0.479E+00   0.110E+00   0.481E-01   0.123E-01   0.000E+00   0.000E+00   0.000E+00   0.000E+00   0.000E+00
      0.0    1.0    7.0    8.0   50.0  100.0   0.000E+00   0.000E+00   0.000E+00   0.528E-01   0.347E-02   0.000E+00   0.000E+00   0.000E+00   0.000E+00   0.000E+00   0.000E+00   0.000E+00   0.000E+00   0.000E+00   0.000E+00
      0.0    1.0    7.0    8.0  100.0  200.0   0.000E+00   0.000E+00   0.112E-01   0.185E-01   0.000E+00   0.000E+00   0.000E+00   0.000E+00   0.000E+00   0.000E+00   0.000E+00   0.000E+00   0.000E+00   0.000E+00   0.000E+00
      0.0    1.0    7.0    8.0  200.0  300.0   0.000E+00   0.000E+00   0.994E-02   0.000E+00   0.000E+00   0.000E+00   0.000E+00   0.000E+00   0.000E+00   0.000E+00   0.000E+00   0.000E+00   0.000E+00   0.000E+00   0.000E+00
      0.0    1.0    7.0    8.0  300.0  620.7   0.000E+00   0.196E-02   0.398E-03   0.000E+00   0.000E+00   0.000E+00   0.000E+00   0.000E+00   0.000E+00   0.000E+00   0.000E+00   0.000E+00   0.000E+00   0.000E+00   0.000E+00
      1.0    2.0    4.0    5.0    0.7   10.0   0.000E+00   0.000E+00   0.000E+00   0.000E+00   0.204E-02   0.978E-02   0.210E-01   0.315E-01   0.329E-01   0.342E-01   0.345E-01   0.193E-01   0.646E-02   0.177E-02   0.000E+00
      1.0    2.0    4.0    5.0   10.0   50.0   0.000E+00   0.106E-02   0.942E-01   0.537E-01   0.126E-01   0.137E-01   0.111E-01   0.533E-02   0.440E-02   0.357E-02   0.000E+00   0.000E+00   0.000E+00   0.000E+00   0.000E+00
      1.0    2.0    4.0    5.0   50.0  100.0   0.000E+00   0.402E-01   0.134E-01   0.000E+00   0.000E+00   0.000E+00   0.000E+00   0.000E+00   0.000E+00   0.000E+00   0.000E+00   0.000E+00   0.000E+00   0.000E+00   0.000E+00
      1.0    2.0    4.0    5.0  100.0  200.0   0.000E+00   0.139E-01   0.000E+00   0.000E+00   0.000E+00   0.000E+00   0.000E+00   0.000E+00   0.000E+00   0.000E+00   0.000E+00   0.000E+00   0.000E+00   0.000E+00   0.000E+00
      1.0    2.0    4.0    5.0  200.0  300.0   0.000E+00   0.000E+00   0.000E+00   0.000E+00   0.000E+00   0.000E+00   0.000E+00   0.000E+00   0.000E+00   0.000E+00   0.000E+00   0.000E+00   0.000E+00   0.000E+00   0.000E+00
      1.0    2.0    4.0    5.0  300.0  620.7   0.000E+00   0.000E+00   0.000E+00   0.000E+00   0.000E+00   0.000E+00   0.000E+00   0.000E+00   0.000E+00   0.000E+00   0.000E+00   0.000E+00   0.000E+00   0.000E+00   0.000E+00
      1.0    2.0    5.0    6.0    0.7   10.0   0.000E+00   0.000E+00   0.000E+00   0.000E+00   0.000E+00   0.000E+00   0.000E+00   0.103E-02   0.202E-02   0.301E-02   0.274E-01   0.770E-01   0.113E+00   0.127E+00   0.927E-01
      1.0    2.0    5.0    6.0   10.0   50.0   0.000E+00   0.000E+00   0.000E+00   0.372E-01   0.976E-01   0.751E-01   0.272E-01   0.144E-01   0.164E-01   0.183E-01   0.268E-01   0.111E-01   0.000E+00   0.000E+00   0.000E+00
      1.0    2.0    5.0    6.0   50.0  100.0   0.000E+00   0.000E+00   0.268E-01   0.283E-01   0.290E-02   0.000E+00   0.000E+00   0.000E+00   0.000E+00   0.000E+00   0.000E+00   0.000E+00   0.000E+00   0.000E+00   0.000E+00
      1.0    2.0    5.0    6.0  100.0  200.0   0.000E+00   0.116E-01   0.131E-01   0.342E-04   0.000E+00   0.000E+00   0.000E+00   0.000E+00   0.000E+00   0.000E+00   0.000E+00   0.000E+00   0.000E+00   0.000E+00   0.000E+00
      1.0    2.0    5.0    6.0  200.0  300.0   0.000E+00   0.145E-01   0.000E+00   0.000E+00   0.000E+00   0.000E+00   0.000E+00   0.000E+00   0.000E+00   0.000E+00   0.000E+00   0.000E+00   0.000E+00   0.000E+00   0.000E+00
      1.0    2.0    5.0    6.0  300.0  620.7   0.000E+00   0.946E-02   0.000E+00   0.000E+00   0.000E+00   0.000E+00   0.000E+00   0.000E+00   0.000E+00   0.000E+00   0.000E+00   0.000E+00   0.000E+00   0.000E+00   0.000E+00
      1.0    2.0    6.0    7.0    0.7   10.0   0.000E+00   0.000E+00   0.000E+00   0.000E+00   0.000E+00   0.000E+00   0.000E+00   0.000E+00   0.000E+00   0.000E+00   0.000E+00   0.427E-02   0.132E-01   0.201E-01   0.361E-01
      1.0    2.0    6.0    7.0   10.0   50.0   0.000E+00   0.000E+00   0.000E+00   0.000E+00   0.692E-02   0.538E-01   0.137E+00   0.147E+00   0.136E+00   0.122E+00   0.300E-02   0.495E-02   0.175E-02   0.298E-03   0.000E+00
      1.0    2.0    6.0    7.0   50.0  100.0   0.000E+00   0.000E+00   0.000E+00   0.788E-02   0.326E-01   0.128E-01   0.422E-02   0.000E+00   0.000E+00   0.000E+00   0.000E+00   0.000E+00   0.000E+00   0.000E+00   0.000E+00
      1.0    2.0    6.0    7.0  100.0  200.0   0.000E+00   0.000E+00   0.104E-01   0.332E-01   0.173E-02   0.000E+00   0.000E+00   0.000E+00   0.000E+00   0.000E+00   0.000E+00   0.000E+00   0.000E+00   0.000E+00   0.000E+00
      1.0    2.0    6.0    7.0  200.0  300.0   0.000E+00   0.000E+00   0.428E-02   0.000E+00   0.000E+00   0.000E+00   0.000E+00   0.000E+00   0.000E+00   0.000E+00   0.000E+00   0.000E+00   0.000E+00   0.000E+00   0.000E+00
      1.0    2.0    6.0    7.0  300.0  620.7   0.000E+00   0.924E-02   0.984E-03   0.000E+00   0.000E+00   0.000E+00   0.000E+00   0.000E+00   0.000E+00   0.000E+00   0.000E+00   0.000E+00   0.000E+00   0.000E+00   0.000E+00
      1.0    2.0    7.0    8.0    0.7   10.0   0.000E+00   0.000E+00   0.000E+00   0.000E+00   0.000E+00   0.000E+00   0.000E+00   0.000E+00   0.000E+00   0.000E+00   0.000E+00   0.000E+00   0.000E+00   0.000E+00   0.000E+00
      1.0    2.0    7.0    8.0   10.0   50.0   0.000E+00   0.000E+00   0.000E+00   0.000E+00   0.000E+00   0.240E-02   0.655E-01   0.472E+00   0.538E+00   0.575E+00   0.419E+00   0.000E+00   0.000E+00   0.000E+00   0.000E+00
      1.0    2.0    7.0    8.0   50.0  100.0   0.000E+00   0.000E+00   0.000E+00   0.000E+00   0.363E-01   0.191E-01   0.102E-02   0.000E+00   0.000E+00   0.000E+00   0.000E+00   0.000E+00   0.000E+00   0.000E+00   0.000E+00
      1.0    2.0    7.0    8.0  100.0  200.0   0.000E+00   0.000E+00   0.000E+00   0.118E-01   0.936E-02   0.000E+00   0.000E+00   0.000E+00   0.000E+00   0.000E+00   0.000E+00   0.000E+00   0.000E+00   0.000E+00   0.000E+00
      1.0    2.0    7.0    8.0  200.0  300.0   0.000E+00   0.000E+00   0.860E-03   0.537E-02   0.000E+00   0.000E+00   0.000E+00   0.000E+00   0.000E+00   0.000E+00   0.000E+00   0.000E+00   0.000E+00   0.000E+00   0.000E+00
      1.0    2.0    7.0    8.0  300.0  620.7   0.000E+00   0.000E+00   0.315E-02   0.304E-04   0.000E+00   0.000E+00   0.000E+00   0.000E+00   0.000E+00   0.000E+00   0.000E+00   0.000E+00   0.000E+00   0.000E+00   0.000E+00
      2.0   16.5    4.0    5.0    0.7   10.0   0.000E+00   0.000E+00   0.000E+00   0.000E+00   0.000E+00   0.000E+00   0.174E-02   0.637E-02   0.771E-02   0.876E-02   0.259E-01   0.463E-01   0.607E-01   0.702E-01   0.911E-01
      2.0   16.5    4.0    5.0   10.0   50.0   0.000E+00   0.000E+00   0.145E-01   0.362E-01   0.222E-01   0.105E-01   0.828E-02   0.950E-02   0.985E-02   0.999E-02   0.827E-02   0.361E-02   0.797E-03   0.111E-03   0.000E+00
      2.0   16.5    4.0    5.0   50.0  100.0   0.000E+00   0.443E-02   0.140E-01   0.410E-02   0.726E-04   0.000E+00   0.000E+00   0.000E+00   0.000E+00   0.000E+00   0.000E+00   0.000E+00   0.000E+00   0.000E+00   0.000E+00
      2.0   16.5    4.0    5.0  100.0  200.0   0.000E+00   0.878E-02   0.456E-03   0.000E+00   0.000E+00   0.000E+00   0.000E+00   0.000E+00   0.000E+00   0.000E+00   0.000E+00   0.000E+00   0.000E+00   0.000E+00   0.000E+00
      2.0   16.5    4.0    5.0  200.0  300.0   0.000E+00   0.823E-03   0.000E+00   0.000E+00   0.000E+00   0.000E+00   0.000E+00   0.000E+00   0.000E+00   0.000E+00   0.000E+00   0.000E+00   0.000E+00   0.000E+00   0.000E+00
      2.0   16.5    4.0    5.0  300.0  620.7   0.000E+00   0.163E-04   0.000E+00   0.000E+00   0.000E+00   0.000E+00   0.000E+00   0.000E+00   0.000E+00   0.000E+00   0.000E+00   0.000E+00   0.000E+00   0.000E+00   0.000E+00
      2.0   16.5    5.0    6.0    0.7   10.0   0.000E+00   0.000E+00   0.000E+00   0.000E+00   0.000E+00   0.000E+00   0.000E+00   0.000E+00   0.000E+00   0.000E+00   0.130E-03   0.114E-01   0.524E-01   0.105E+00   0.645E+00
      2.0   16.5    5.0    6.0   10.0   50.0   0.000E+00   0.000E+00   0.000E+00   0.391E-03   0.171E-01   0.385E-01   0.555E-01   0.534E-01   0.500E-01   0.462E-01   0.259E-01   0.296E-01   0.437E-01   0.477E-01   0.470E-01
      2.0   16.5    5.0    6.0   50.0  100.0   0.000E+00   0.000E+00   0.179E-02   0.119E-01   0.119E-01   0.587E-02   0.190E-02   0.345E-03   0.226E-03   0.122E-03   0.000E+00   0.000E+00   0.000E+00   0.000E+00   0.000E+00
      2.0   16.5    5.0    6.0  100.0  200.0   0.000E+00   0.281E-03   0.846E-02   0.430E-02   0.217E-03   0.000E+00   0.000E+00   0.000E+00   0.000E+00   0.000E+00   0.000E+00   0.000E+00   0.000E+00   0.000E+00   0.000E+00
      2.0   16.5    5.0    6.0  200.0  300.0   0.000E+00   0.332E-02   0.138E-02   0.483E-05   0.000E+00   0.000E+00   0.000E+00   0.000E+00   0.000E+00   0.000E+00   0.000E+00   0.000E+00   0.000E+00   0.000E+00   0.000E+00
      2.0   16.5    5.0    6.0  300.0  620.7   0.000E+00   0.708E-02   0.126E-03   0.000E+00   0.000E+00   0.000E+00   0.000E+00   0.000E+00   0.000E+00   0.000E+00   0.000E+00   0.000E+00   0.000E+00   0.000E+00   0.000E+00
      2.0   16.5    6.0    7.0    0.7   10.0   0.000E+00   0.000E+00   0.000E+00   0.000E+00   0.000E+00   0.000E+00   0.000E+00   0.000E+00   0.000E+00   0.000E+00   0.000E+00   0.000E+00   0.000E+00   0.194E-02   0.605E-01
      2.0   16.5    6.0    7.0   10.0   50.0   0.000E+00   0.000E+00   0.000E+00   0.000E+00   0.000E+00   0.188E-03   0.609E-02   0.343E-01   0.438E-01   0.553E-01   0.155E+00   0.116E+00   0.638E-01   0.345E-01   0.229E-01
      2.0   16.5    6.0    7.0   50.0  100.0   0.000E+00   0.000E+00   0.000E+00   0.000E+00   0.417E-02   0.175E-01   0.158E-01   0.120E-01   0.108E-01   0.938E-02   0.285E-02   0.000E+00   0.000E+00   0.000E+00   0.000E+00
      2.0   16.5    6.0    7.0  100.0  200.0   0.000E+00   0.000E+00   0.121E-03   0.563E-02   0.137E-01   0.650E-02   0.187E-02   0.133E-03   0.551E-04   0.800E-05   0.000E+00   0.000E+00   0.000E+00   0.000E+00   0.000E+00
      2.0   16.5    6.0    7.0  200.0  300.0   0.000E+00   0.000E+00   0.218E-02   0.134E-02   0.482E-04   0.000E+00   0.000E+00   0.000E+00   0.000E+00   0.000E+00   0.000E+00   0.000E+00   0.000E+00   0.000E+00   0.000E+00
      2.0   16.5    6.0    7.0  300.0  620.7   0.000E+00   0.127E-03   0.347E-02   0.345E-03   0.000E+00   0.000E+00   0.000E+00   0.000E+00   0.000E+00   0.000E+00   0.000E+00   0.000E+00   0.000E+00   0.000E+00   0.000E+00
      2.0   16.5    7.0    8.0    0.7   10.0   0.000E+00   0.000E+00   0.000E+00   0.000E+00   0.000E+00   0.000E+00   0.000E+00   0.000E+00   0.000E+00   0.000E+00   0.000E+00   0.000E+00   0.000E+00   0.000E+00   0.000E+00
      2.0   16.5    7.0    8.0   10.0   50.0   0.000E+00   0.000E+00   0.000E+00   0.000E+00   0.000E+00   0.000E+00   0.000E+00   0.153E-02   0.261E-02   0.628E-02   0.206E+00   0.637E+00   0.629E+00   0.586E+00   0.444E-02
      2.0   16.5    7.0    8.0   50.0  100.0   0.000E+00   0.000E+00   0.000E+00   0.000E+00   0.000E+00   0.846E-02   0.181E-01   0.135E-01   0.125E-01   0.113E-01   0.122E-02   0.560E-04   0.000E+00   0.000E+00   0.000E+00
      2.0   16.5    7.0    8.0  100.0  200.0   0.000E+00   0.000E+00   0.000E+00   0.000E+00   0.475E-02   0.785E-02   0.386E-02   0.993E-03   0.618E-03   0.309E-03   0.000E+00   0.000E+00   0.000E+00   0.000E+00   0.000E+00
      2.0   16.5    7.0    8.0  200.0  300.0   0.000E+00   0.000E+00   0.000E+00   0.667E-03   0.200E-02   0.744E-03   0.115E-03   0.000E+00   0.000E+00   0.000E+00   0.000E+00   0.000E+00   0.000E+00   0.000E+00   0.000E+00
      2.0   16.5    7.0    8.0  300.0  620.7   0.000E+00   0.000E+00   0.522E-03   0.108E-02   0.920E-04   0.268E-06   0.000E+00   0.000E+00   0.000E+00   0.000E+00   0.000E+00   0.000E+00   0.000E+00   0.000E+00   0.000E+00

-------------------------------------                                                                     --------------------------------------

