      33       0          Number of faults, fault cases
Fault Name                       nFlt System Number Rupture Dist   BJF Dist  Campbell Dist nWidth nMaxmag Max Mag  Wts.  Fault Type   HWFlag    Vs


-------------------------------------------------------------------------------------------------------------------

 SITE 1 COORDINATES:    35.147   31.005
    1  nAtten
  Attenuation:     1      0.0100
   15  nAmp
 AMP:                                     pSeg al_Wt  MinDis         NaN    0.010000    0.029400    0.054000    0.093400    0.127100    0.167200    0.211900    0.220000    0.230000    0.323500    0.441200    0.560000    0.630000    0.900000
  Kamag_Areal                            1.000 1.000     0.3          NaN  0.2046E-02  0.1689E-02  0.1050E-02  0.4827E-03  0.2675E-03  0.1435E-03  0.7736E-04  0.6966E-04  0.6136E-04  0.2109E-04  0.6840E-05  0.2576E-05  0.1526E-05  0.2557E-06
  Shivta_Areal                           1.000 1.000    28.7          NaN  0.8396E-03  0.1283E-03  0.2719E-04  0.4406E-05  0.1290E-05  0.3695E-06  0.1060E-06  0.8530E-07  0.6541E-07  0.5484E-08  0.1636E-09  0.1582E-11  0.0000E+00  0.0000E+00
  Kinarot_Linear                         1.000 1.000   155.2          NaN  0.6984E-02  0.1273E-02  0.2051E-03  0.2188E-04  0.3871E-05  0.3320E-06  0.5166E-08  0.0000E+00  0.0000E+00  0.0000E+00  0.0000E+00  0.0000E+00  0.0000E+00  0.0000E+00
  Jericho_Vally_Linear                   1.000 1.000    92.4          NaN  0.1083E-01  0.2492E-02  0.7256E-03  0.1320E-03  0.3991E-04  0.1158E-04  0.3023E-05  0.2337E-05  0.1680E-05  0.2028E-07  0.0000E+00  0.0000E+00  0.0000E+00  0.0000E+00
  Dead_Sea_East_Linear                   1.000 1.000    32.1          NaN  0.4942E-01  0.1023E-01  0.3834E-02  0.1450E-02  0.7232E-03  0.3376E-03  0.1560E-03  0.1367E-03  0.1166E-03  0.3047E-04  0.7243E-05  0.1754E-05  0.6652E-06  0.0000E+00
  North_Arava_Linear                     1.000 1.000    29.3          NaN  0.7008E-01  0.1619E-01  0.5789E-02  0.2151E-02  0.1106E-02  0.5375E-03  0.2572E-03  0.2267E-03  0.1945E-03  0.5349E-04  0.1355E-04  0.3882E-05  0.1731E-05  0.1139E-08
  Central_Arava_Linear                   1.000 1.000    82.6          NaN  0.1343E-01  0.3217E-02  0.1002E-02  0.1932E-03  0.6012E-04  0.1815E-04  0.5156E-05  0.4062E-05  0.2996E-05  0.4637E-07  0.0000E+00  0.0000E+00  0.0000E+00  0.0000E+00
  Avrona_Linear                          1.000 1.000   121.7          NaN  0.8299E-02  0.1878E-02  0.3953E-03  0.5331E-04  0.1316E-04  0.2411E-05  0.2012E-06  0.1013E-06  0.4497E-07  0.0000E+00  0.0000E+00  0.0000E+00  0.0000E+00  0.0000E+00
  Zin_Active                             1.000 1.000    37.3          NaN  0.5355E-03  0.9187E-04  0.1225E-04  0.9894E-06  0.1081E-06  0.4005E-08  0.0000E+00  0.0000E+00  0.0000E+00  0.0000E+00  0.0000E+00  0.0000E+00  0.0000E+00  0.0000E+00
  Aragonese_Areal                        1.000 1.000   215.6          NaN  0.2326E-02  0.1130E-03  0.9607E-05  0.4573E-06  0.2465E-07  0.0000E+00  0.0000E+00  0.0000E+00  0.0000E+00  0.0000E+00  0.0000E+00  0.0000E+00  0.0000E+00  0.0000E+00
  Arif_Areal                             1.000 1.000    46.6          NaN  0.7578E-02  0.6048E-03  0.6906E-04  0.5333E-05  0.7508E-06  0.4577E-07  0.0000E+00  0.0000E+00  0.0000E+00  0.0000E+00  0.0000E+00  0.0000E+00  0.0000E+00  0.0000E+00
  Arnona_Areal                           1.000 1.000   260.2          NaN  0.3560E-02  0.1321E-03  0.9073E-05  0.2313E-06  0.1058E-08  0.0000E+00  0.0000E+00  0.0000E+00  0.0000E+00  0.0000E+00  0.0000E+00  0.0000E+00  0.0000E+00  0.0000E+00
  Barak_Areal                            1.000 1.000    46.2          NaN  0.6260E-02  0.4236E-03  0.4453E-04  0.3097E-05  0.4032E-06  0.2286E-07  0.0000E+00  0.0000E+00  0.0000E+00  0.0000E+00  0.0000E+00  0.0000E+00  0.0000E+00  0.0000E+00
  Beit_Shean_Areal                       1.000 1.000   101.8          NaN  0.2616E-02  0.1570E-03  0.1478E-04  0.7802E-06  0.6087E-07  0.4249E-09  0.0000E+00  0.0000E+00  0.0000E+00  0.0000E+00  0.0000E+00  0.0000E+00  0.0000E+00  0.0000E+00
  Central_Israel_Areal                   1.000 1.000    22.4          NaN  0.5099E-02  0.6612E-03  0.1193E-03  0.1643E-04  0.4340E-05  0.1119E-05  0.2871E-06  0.2263E-06  0.1689E-06  0.1004E-07  0.5229E-10  0.0000E+00  0.0000E+00  0.0000E+00
  Cyprus_Areal                           1.000 1.000   405.5          NaN  0.5476E-02  0.1753E-03  0.1128E-04  0.2976E-06  0.5976E-09  0.0000E+00  0.0000E+00  0.0000E+00  0.0000E+00  0.0000E+00  0.0000E+00  0.0000E+00  0.0000E+00  0.0000E+00
  East_Sinai_Areal                       1.000 1.000   123.3          NaN  0.1112E-02  0.3760E-04  0.2039E-05  0.1474E-08  0.0000E+00  0.0000E+00  0.0000E+00  0.0000E+00  0.0000E+00  0.0000E+00  0.0000E+00  0.0000E+00  0.0000E+00  0.0000E+00
  Elat_Areal                             1.000 1.000   171.1          NaN  0.3922E-02  0.2366E-03  0.2387E-04  0.1608E-05  0.1858E-06  0.5451E-08  0.0000E+00  0.0000E+00  0.0000E+00  0.0000E+00  0.0000E+00  0.0000E+00  0.0000E+00  0.0000E+00
  Galil_Areal                            1.000 1.000   170.5          NaN  0.1429E-03  0.5602E-06  0.0000E+00  0.0000E+00  0.0000E+00  0.0000E+00  0.0000E+00  0.0000E+00  0.0000E+00  0.0000E+00  0.0000E+00  0.0000E+00  0.0000E+00  0.0000E+00
  Mediterranean_1_Areal                  1.000 1.000   217.5          NaN  0.1217E-02  0.1575E-04  0.1976E-06  0.0000E+00  0.0000E+00  0.0000E+00  0.0000E+00  0.0000E+00  0.0000E+00  0.0000E+00  0.0000E+00  0.0000E+00  0.0000E+00  0.0000E+00
  Mediterranean_2_Areal                  1.000 1.000   196.5          NaN  0.7533E-03  0.1126E-04  0.2378E-06  0.0000E+00  0.0000E+00  0.0000E+00  0.0000E+00  0.0000E+00  0.0000E+00  0.0000E+00  0.0000E+00  0.0000E+00  0.0000E+00  0.0000E+00
  Mediterranean_3_Areal                  1.000 1.000   125.4          NaN  0.1726E-02  0.4940E-04  0.2604E-05  0.4536E-07  0.4587E-09  0.0000E+00  0.0000E+00  0.0000E+00  0.0000E+00  0.0000E+00  0.0000E+00  0.0000E+00  0.0000E+00  0.0000E+00
  Milhan_Areal                           1.000 1.000   100.7          NaN  0.7136E-03  0.1725E-04  0.6384E-06  0.0000E+00  0.0000E+00  0.0000E+00  0.0000E+00  0.0000E+00  0.0000E+00  0.0000E+00  0.0000E+00  0.0000E+00  0.0000E+00  0.0000E+00
  Notrh_Jordan_Areal                     1.000 1.000    37.1          NaN  0.7753E-02  0.4986E-03  0.5568E-04  0.4507E-05  0.7650E-06  0.9784E-07  0.6677E-08  0.3694E-08  0.1588E-08  0.0000E+00  0.0000E+00  0.0000E+00  0.0000E+00  0.0000E+00
  Palmira_Areal                          1.000 1.000   286.6          NaN  0.1314E-03  0.1482E-06  0.0000E+00  0.0000E+00  0.0000E+00  0.0000E+00  0.0000E+00  0.0000E+00  0.0000E+00  0.0000E+00  0.0000E+00  0.0000E+00  0.0000E+00  0.0000E+00
  Paran_Areal                            1.000 1.000    69.6          NaN  0.2424E-02  0.1747E-03  0.1908E-04  0.1337E-05  0.1456E-06  0.2486E-08  0.0000E+00  0.0000E+00  0.0000E+00  0.0000E+00  0.0000E+00  0.0000E+00  0.0000E+00  0.0000E+00
  Suez_Areal                             1.000 1.000   256.4          NaN  0.6654E-02  0.1474E-03  0.5877E-05  0.2059E-08  0.0000E+00  0.0000E+00  0.0000E+00  0.0000E+00  0.0000E+00  0.0000E+00  0.0000E+00  0.0000E+00  0.0000E+00  0.0000E+00
  Thamad_Areal                           1.000 1.000   145.4          NaN  0.1328E-02  0.3359E-04  0.1186E-05  0.0000E+00  0.0000E+00  0.0000E+00  0.0000E+00  0.0000E+00  0.0000E+00  0.0000E+00  0.0000E+00  0.0000E+00  0.0000E+00  0.0000E+00
  W_Shiarn_Areal                         1.000 1.000   187.0          NaN  0.8628E-03  0.9481E-05  0.2300E-07  0.0000E+00  0.0000E+00  0.0000E+00  0.0000E+00  0.0000E+00  0.0000E+00  0.0000E+00  0.0000E+00  0.0000E+00  0.0000E+00  0.0000E+00
  Carmel_Linear                          1.000 1.000   160.9          NaN  0.9963E-03  0.1297E-03  0.1491E-04  0.9090E-06  0.9239E-08  0.0000E+00  0.0000E+00  0.0000E+00  0.0000E+00  0.0000E+00  0.0000E+00  0.0000E+00  0.0000E+00  0.0000E+00
  Roum_Linear                            1.000 1.000   253.3          NaN  0.4874E-03  0.8057E-04  0.1208E-04  0.1201E-05  0.1726E-06  0.1191E-10  0.0000E+00  0.0000E+00  0.0000E+00  0.0000E+00  0.0000E+00  0.0000E+00  0.0000E+00  0.0000E+00
  Serghaya_Linear                        1.000 1.000   231.9          NaN  0.1031E-02  0.1748E-03  0.2738E-04  0.2838E-05  0.4700E-06  0.1735E-07  0.0000E+00  0.0000E+00  0.0000E+00  0.0000E+00  0.0000E+00  0.0000E+00  0.0000E+00  0.0000E+00
  YHK_Linear                             1.000 1.000   190.4          NaN  0.2288E-02  0.4731E-03  0.1107E-03  0.1622E-04  0.4270E-05  0.9600E-06  0.1065E-06  0.5079E-07  0.1424E-07  0.0000E+00  0.0000E+00  0.0000E+00  0.0000E+00  0.0000E+00
  Wt_Total_Events/yr                     0.000 0.000     0.0          NaN  0.2289E+00  0.4155E-01  0.1359E-01  0.4545E-02  0.2226E-02  0.1054E-02  0.4994E-03  0.4399E-03  0.3775E-03  0.1051E-03  0.2764E-04  0.8212E-05  0.3922E-05  0.2568E-06
  Poisson_Prob:                          0.000 0.000     0.0          NaN  0.2046E+00  0.4070E-01  0.1350E-01  0.4535E-02  0.2224E-02  0.1053E-02  0.4993E-03  0.4398E-03  0.3774E-03  0.1051E-03  0.2764E-04  0.8212E-05  0.3922E-05  0.2568E-06
  M_bar                                  0.000 0.000     0.0         NaN   0.517E+01   0.573E+01   0.613E+01   0.649E+01   0.664E+01   0.673E+01   0.677E+01   0.678E+01   0.678E+01   0.680E+01   0.679E+01   0.673E+01   0.663E+01   0.555E+01
  D_bar                                  0.000 0.000     0.0         NaN   0.980E+02   0.646E+02   0.501E+02   0.386E+02   0.343E+02   0.315E+02   0.296E+02   0.293E+02   0.290E+02   0.269E+02   0.252E+02   0.231E+02   0.210E+02   0.569E+01
  Eps_bar                                0.000 0.000     0.0         NaN  -0.463E+00  -0.404E-01   0.148E+00   0.421E+00   0.704E+00   0.103E+01   0.135E+01   0.140E+01   0.147E+01   0.196E+01   0.240E+01   0.270E+01   0.279E+01   0.257E+01

------------------

