      29       0          Number of faults, fault cases
Fault Name                       nFlt System Number Rupture Dist   BJF Dist  Campbell Dist nWidth nMaxmag Max Mag  Wts.  Fault Type   HWFlag    Vs


-------------------------------------------------------------------------------------------------------------------

 SITE 1 COORDINATES:    35.147   31.005
    1  nAtten
  Attenuation:     1      0.0100
   15  nAmp
 AMP:                                     pSeg al_Wt  MinDis         NaN    0.010000    0.029400    0.054000    0.102100    0.148700    0.195400    0.224300    0.258700    0.357000    0.500000    0.560000    0.660000    0.900000    1.000000
  Kamag_Areal                            1.000 1.000     0.3          NaN  0.2046E-02  0.1689E-02  0.1050E-02  0.4117E-03  0.1895E-03  0.9638E-04  0.6594E-04  0.4329E-04  0.1500E-04  0.4151E-05  0.2576E-05  0.1231E-05  0.2557E-06  0.1404E-06
  Shivta_Areal                           1.000 1.000    28.7          NaN  0.8396E-03  0.1283E-03  0.2719E-04  0.3140E-05  0.6442E-06  0.1661E-06  0.7607E-07  0.3077E-07  0.2147E-08  0.2243E-10  0.1582E-11  0.0000E+00  0.0000E+00  0.0000E+00
  Jericho_Linear                         1.000 1.000    19.2          NaN  0.4147E-01  0.1023E-01  0.3571E-02  0.1103E-02  0.5274E-03  0.2865E-03  0.2020E-03  0.1359E-03  0.4820E-04  0.1332E-04  0.8236E-05  0.3883E-05  0.7523E-06  0.3539E-06
  Arava_Linear                           1.000 1.000    30.2          NaN  0.3733E-01  0.7375E-02  0.2469E-02  0.7496E-03  0.3265E-03  0.1551E-03  0.1010E-03  0.6242E-04  0.1844E-04  0.4167E-05  0.2385E-05  0.9138E-06  0.1328E-07  0.1067E-09
  Zin_Active                             1.000 1.000    37.3          NaN  0.5355E-03  0.9187E-04  0.1225E-04  0.5768E-06  0.1924E-07  0.0000E+00  0.0000E+00  0.0000E+00  0.0000E+00  0.0000E+00  0.0000E+00  0.0000E+00  0.0000E+00  0.0000E+00
  Aragonese_Areal_                       1.000 1.000   215.6          NaN  0.2326E-02  0.1130E-03  0.9607E-05  0.2348E-06  0.6619E-09  0.0000E+00  0.0000E+00  0.0000E+00  0.0000E+00  0.0000E+00  0.0000E+00  0.0000E+00  0.0000E+00  0.0000E+00
  Arif_Areal                             1.000 1.000    46.6          NaN  0.7578E-02  0.6048E-03  0.6906E-04  0.3217E-05  0.1901E-06  0.1002E-08  0.0000E+00  0.0000E+00  0.0000E+00  0.0000E+00  0.0000E+00  0.0000E+00  0.0000E+00  0.0000E+00
  Arnona_Areal                           1.000 1.000   260.2          NaN  0.3560E-02  0.1321E-03  0.9073E-05  0.8823E-07  0.0000E+00  0.0000E+00  0.0000E+00  0.0000E+00  0.0000E+00  0.0000E+00  0.0000E+00  0.0000E+00  0.0000E+00  0.0000E+00
  Barak_Areal                            1.000 1.000    46.2          NaN  0.6260E-02  0.4236E-03  0.4453E-04  0.1829E-05  0.9732E-07  0.7912E-09  0.0000E+00  0.0000E+00  0.0000E+00  0.0000E+00  0.0000E+00  0.0000E+00  0.0000E+00  0.0000E+00
  Beit_Shean_Areal                       1.000 1.000   101.8          NaN  0.2616E-02  0.1570E-03  0.1478E-04  0.4172E-06  0.7543E-08  0.0000E+00  0.0000E+00  0.0000E+00  0.0000E+00  0.0000E+00  0.0000E+00  0.0000E+00  0.0000E+00  0.0000E+00
  Central_Israel_Areal                   1.000 1.000    22.4          NaN  0.5099E-02  0.6612E-03  0.1193E-03  0.1138E-04  0.2046E-05  0.4692E-06  0.1996E-06  0.7315E-07  0.3140E-08  0.0000E+00  0.0000E+00  0.0000E+00  0.0000E+00  0.0000E+00
  Cyprus_Areal                           1.000 1.000   405.5          NaN  0.5476E-02  0.1753E-03  0.1128E-04  0.1128E-06  0.0000E+00  0.0000E+00  0.0000E+00  0.0000E+00  0.0000E+00  0.0000E+00  0.0000E+00  0.0000E+00  0.0000E+00  0.0000E+00
  East_Sinai_Areal                       1.000 1.000   123.3          NaN  0.1112E-02  0.3760E-04  0.2039E-05  0.0000E+00  0.0000E+00  0.0000E+00  0.0000E+00  0.0000E+00  0.0000E+00  0.0000E+00  0.0000E+00  0.0000E+00  0.0000E+00  0.0000E+00
  Elat_Areal                             1.000 1.000   171.1          NaN  0.3922E-02  0.2366E-03  0.2387E-04  0.9310E-06  0.3695E-07  0.0000E+00  0.0000E+00  0.0000E+00  0.0000E+00  0.0000E+00  0.0000E+00  0.0000E+00  0.0000E+00  0.0000E+00
  Galil_Areal                            1.000 1.000   170.5          NaN  0.1429E-03  0.5602E-06  0.0000E+00  0.0000E+00  0.0000E+00  0.0000E+00  0.0000E+00  0.0000E+00  0.0000E+00  0.0000E+00  0.0000E+00  0.0000E+00  0.0000E+00  0.0000E+00
  Mediterranean_1_Areal                  1.000 1.000   217.5          NaN  0.1217E-02  0.1575E-04  0.1976E-06  0.0000E+00  0.0000E+00  0.0000E+00  0.0000E+00  0.0000E+00  0.0000E+00  0.0000E+00  0.0000E+00  0.0000E+00  0.0000E+00  0.0000E+00
  Mediterranean_2_Areal                  1.000 1.000   196.5          NaN  0.7533E-03  0.1126E-04  0.2378E-06  0.0000E+00  0.0000E+00  0.0000E+00  0.0000E+00  0.0000E+00  0.0000E+00  0.0000E+00  0.0000E+00  0.0000E+00  0.0000E+00  0.0000E+00
  Mediterranean_3_Areal                  1.000 1.000   125.4          NaN  0.1726E-02  0.4940E-04  0.2604E-05  0.1708E-07  0.0000E+00  0.0000E+00  0.0000E+00  0.0000E+00  0.0000E+00  0.0000E+00  0.0000E+00  0.0000E+00  0.0000E+00  0.0000E+00
  Milhan_Areal                           1.000 1.000   100.7          NaN  0.7136E-03  0.1725E-04  0.6384E-06  0.0000E+00  0.0000E+00  0.0000E+00  0.0000E+00  0.0000E+00  0.0000E+00  0.0000E+00  0.0000E+00  0.0000E+00  0.0000E+00  0.0000E+00
  Notrh_Jordan_Areal                     1.000 1.000    37.1          NaN  0.7753E-02  0.4986E-03  0.5568E-04  0.2799E-05  0.2563E-06  0.1974E-07  0.2617E-08  0.2478E-10  0.0000E+00  0.0000E+00  0.0000E+00  0.0000E+00  0.0000E+00  0.0000E+00
  Palmira_Areal                          1.000 1.000   286.6          NaN  0.1314E-03  0.1482E-06  0.0000E+00  0.0000E+00  0.0000E+00  0.0000E+00  0.0000E+00  0.0000E+00  0.0000E+00  0.0000E+00  0.0000E+00  0.0000E+00  0.0000E+00  0.0000E+00
  Paran_Areal                            1.000 1.000    69.6          NaN  0.2424E-02  0.1747E-03  0.1908E-04  0.7765E-06  0.2414E-07  0.0000E+00  0.0000E+00  0.0000E+00  0.0000E+00  0.0000E+00  0.0000E+00  0.0000E+00  0.0000E+00  0.0000E+00
  Suez_Areal                             1.000 1.000   256.4          NaN  0.6654E-02  0.1474E-03  0.5877E-05  0.0000E+00  0.0000E+00  0.0000E+00  0.0000E+00  0.0000E+00  0.0000E+00  0.0000E+00  0.0000E+00  0.0000E+00  0.0000E+00  0.0000E+00
  Thamad_Areal                           1.000 1.000   145.4          NaN  0.1328E-02  0.3359E-04  0.1186E-05  0.0000E+00  0.0000E+00  0.0000E+00  0.0000E+00  0.0000E+00  0.0000E+00  0.0000E+00  0.0000E+00  0.0000E+00  0.0000E+00  0.0000E+00
  W_Shiarn_Areal                         1.000 1.000   187.0          NaN  0.8628E-03  0.9481E-05  0.2300E-07  0.0000E+00  0.0000E+00  0.0000E+00  0.0000E+00  0.0000E+00  0.0000E+00  0.0000E+00  0.0000E+00  0.0000E+00  0.0000E+00  0.0000E+00
  Carmel_Linear                          1.000 1.000   160.9          NaN  0.9963E-03  0.1297E-03  0.1491E-04  0.4351E-06  0.0000E+00  0.0000E+00  0.0000E+00  0.0000E+00  0.0000E+00  0.0000E+00  0.0000E+00  0.0000E+00  0.0000E+00  0.0000E+00
  Roum_Linear                            1.000 1.000   253.3          NaN  0.4874E-03  0.8057E-04  0.1208E-04  0.7567E-06  0.2807E-07  0.0000E+00  0.0000E+00  0.0000E+00  0.0000E+00  0.0000E+00  0.0000E+00  0.0000E+00  0.0000E+00  0.0000E+00
  Serghaya_Linear                        1.000 1.000   231.9          NaN  0.1031E-02  0.1748E-03  0.2738E-04  0.1822E-05  0.1127E-06  0.0000E+00  0.0000E+00  0.0000E+00  0.0000E+00  0.0000E+00  0.0000E+00  0.0000E+00  0.0000E+00  0.0000E+00
  YHK_Linear                             1.000 1.000   190.4          NaN  0.2288E-02  0.4731E-03  0.1107E-03  0.1127E-04  0.1946E-05  0.2766E-06  0.3098E-07  0.0000E+00  0.0000E+00  0.0000E+00  0.0000E+00  0.0000E+00  0.0000E+00  0.0000E+00
  Wt_Total_Events/yr                     0.000 0.000     0.0          NaN  0.1487E+00  0.2388E-01  0.7684E-02  0.2304E-02  0.1049E-02  0.5389E-03  0.3692E-03  0.2417E-03  0.8165E-04  0.2163E-04  0.1320E-04  0.6029E-05  0.1021E-05  0.4945E-06
  Poisson_Prob:                          0.000 0.000     0.0          NaN  0.1382E+00  0.2359E-01  0.7655E-02  0.2301E-02  0.1048E-02  0.5387E-03  0.3692E-03  0.2416E-03  0.8165E-04  0.2163E-04  0.1320E-04  0.6029E-05  0.1021E-05  0.4945E-06
  M_bar                                  0.000 0.000     0.0         NaN   0.513E+01   0.542E+01   0.583E+01   0.645E+01   0.680E+01   0.699E+01   0.706E+01   0.713E+01   0.723E+01   0.732E+01   0.734E+01   0.736E+01   0.734E+01   0.729E+01
  D_bar                                  0.000 0.000     0.0         NaN   0.111E+03   0.575E+02   0.398E+02   0.292E+02   0.257E+02   0.239E+02   0.232E+02   0.226E+02   0.213E+02   0.201E+02   0.197E+02   0.189E+02   0.161E+02   0.153E+02
  Eps_bar                                0.000 0.000     0.0         NaN  -0.323E+00   0.194E-02   0.615E-01   0.231E+00   0.499E+00   0.785E+00   0.953E+00   0.114E+01   0.160E+01   0.211E+01   0.229E+01   0.253E+01   0.292E+01   0.306E+01

------------------

