    5      Number of Magnitude Bins
     4.000     5.000     6.000     7.000     8.350
    7      Number of Distance Bins 
     0.707    10.000    50.000   100.000   200.000   300.000   620.669
    6      Number of Epsilon Bins  
    -7.672    -1.000     0.000     1.000     2.000    16.659
    7      Number of Xcos(T) Bins  
     0.000     0.100     0.200     0.300     0.350     0.400     2.000


-------------------------------------------------------------------------------------------------------------------

 SITE 1 COORDINATES:    35.147   31.005
    1  nProb
   15
 AMP:                                                NaN       0.010       0.029       0.054       0.102       0.149       0.195       0.224       0.259       0.357       0.500       0.560       0.660       0.900       1.000

------------------

  M_bar                                              NaN   0.513E+01   0.542E+01   0.583E+01   0.645E+01   0.680E+01   0.699E+01   0.706E+01   0.713E+01   0.723E+01   0.732E+01   0.734E+01   0.736E+01   0.734E+01   0.729E+01
  D_bar                                              NaN   0.111E+03   0.575E+02   0.398E+02   0.292E+02   0.257E+02   0.239E+02   0.232E+02   0.226E+02   0.213E+02   0.201E+02   0.197E+02   0.189E+02   0.161E+02   0.153E+02
  Eps_bar                                            NaN  -0.323E+00   0.194E-02   0.615E-01   0.231E+00   0.499E+00   0.785E+00   0.953E+00   0.114E+01   0.160E+01   0.211E+01   0.229E+01   0.253E+01   0.292E+01   0.306E+01
  XCosT_bar                                          NaN        -NaN        -NaN        -NaN        -NaN        -NaN        -NaN        -NaN        -NaN        -NaN        -NaN        -NaN        -NaN        -NaN        -NaN

------------------

 XCos(Theta) Bins
  0.0000  0.1000   0.000E+00   0.000E+00   0.000E+00   0.000E+00   0.000E+00   0.000E+00   0.000E+00   0.000E+00   0.000E+00   0.000E+00   0.000E+00   0.000E+00   0.000E+00   0.000E+00   0.000E+00
  0.1000  0.2000   0.000E+00   0.000E+00   0.000E+00   0.000E+00   0.000E+00   0.000E+00   0.000E+00   0.000E+00   0.000E+00   0.000E+00   0.000E+00   0.000E+00   0.000E+00   0.000E+00   0.000E+00
  0.2000  0.3000   0.000E+00   0.000E+00   0.000E+00   0.000E+00   0.000E+00   0.000E+00   0.000E+00   0.000E+00   0.000E+00   0.000E+00   0.000E+00   0.000E+00   0.000E+00   0.000E+00   0.000E+00
  0.3000  0.3500   0.000E+00   0.000E+00   0.000E+00   0.000E+00   0.000E+00   0.000E+00   0.000E+00   0.000E+00   0.000E+00   0.000E+00   0.000E+00   0.000E+00   0.000E+00   0.000E+00   0.000E+00
  0.3500  0.4000   0.000E+00   0.000E+00   0.000E+00   0.000E+00   0.000E+00   0.000E+00   0.000E+00   0.000E+00   0.000E+00   0.000E+00   0.000E+00   0.000E+00   0.000E+00   0.000E+00   0.000E+00
  0.4000  2.0000   0.000E+00   0.000E+00   0.000E+00   0.000E+00   0.000E+00   0.000E+00   0.000E+00   0.000E+00   0.000E+00   0.000E+00   0.000E+00   0.000E+00   0.000E+00   0.000E+00   0.000E+00

------------------


     Eps. Range     Mag. Range   Dist. Range

     -7.7   16.7    4.0    5.0    0.7   10.0   0.000E+00   0.368E-02   0.218E-01   0.523E-01   0.784E-01   0.769E-01   0.709E-01   0.675E-01   0.640E-01   0.559E-01   0.460E-01   0.418E-01   0.353E-01   0.229E-01   0.186E-01
     -7.7   16.7    4.0    5.0   10.0   50.0   0.000E+00   0.326E+00   0.356E+00   0.218E+00   0.840E-01   0.402E-01   0.229E-01   0.171E-01   0.125E-01   0.582E-02   0.137E-02   0.496E-03   0.686E-05   0.000E+00   0.000E+00
     -7.7   16.7    4.0    5.0   50.0  100.0   0.000E+00   0.175E+00   0.342E-01   0.523E-02   0.105E-04   0.000E+00   0.000E+00   0.000E+00   0.000E+00   0.000E+00   0.000E+00   0.000E+00   0.000E+00   0.000E+00   0.000E+00
     -7.7   16.7    4.0    5.0  100.0  200.0   0.000E+00   0.234E-01   0.479E-03   0.000E+00   0.000E+00   0.000E+00   0.000E+00   0.000E+00   0.000E+00   0.000E+00   0.000E+00   0.000E+00   0.000E+00   0.000E+00   0.000E+00
     -7.7   16.7    4.0    5.0  200.0  300.0   0.000E+00   0.123E-02   0.000E+00   0.000E+00   0.000E+00   0.000E+00   0.000E+00   0.000E+00   0.000E+00   0.000E+00   0.000E+00   0.000E+00   0.000E+00   0.000E+00   0.000E+00
     -7.7   16.7    4.0    5.0  300.0  620.7   0.000E+00   0.251E-04   0.000E+00   0.000E+00   0.000E+00   0.000E+00   0.000E+00   0.000E+00   0.000E+00   0.000E+00   0.000E+00   0.000E+00   0.000E+00   0.000E+00   0.000E+00
     -7.7   16.7    5.0    6.0    0.7   10.0   0.000E+00   0.389E-03   0.242E-02   0.737E-02   0.210E-01   0.345E-01   0.465E-01   0.532E-01   0.606E-01   0.789E-01   0.101E+00   0.110E+00   0.127E+00   0.186E+00   0.222E+00
     -7.7   16.7    5.0    6.0   10.0   50.0   0.000E+00   0.557E-01   0.224E+00   0.300E+00   0.225E+00   0.155E+00   0.114E+00   0.968E-01   0.816E-01   0.540E-01   0.343E-01   0.292E-01   0.236E-01   0.118E-01   0.651E-02
     -7.7   16.7    5.0    6.0   50.0  100.0   0.000E+00   0.938E-01   0.107E+00   0.517E-01   0.112E-01   0.249E-02   0.441E-03   0.101E-03   0.256E-05   0.000E+00   0.000E+00   0.000E+00   0.000E+00   0.000E+00   0.000E+00
     -7.7   16.7    5.0    6.0  100.0  200.0   0.000E+00   0.874E-01   0.220E-01   0.395E-02   0.593E-04   0.000E+00   0.000E+00   0.000E+00   0.000E+00   0.000E+00   0.000E+00   0.000E+00   0.000E+00   0.000E+00   0.000E+00
     -7.7   16.7    5.0    6.0  200.0  300.0   0.000E+00   0.409E-01   0.241E-02   0.898E-05   0.000E+00   0.000E+00   0.000E+00   0.000E+00   0.000E+00   0.000E+00   0.000E+00   0.000E+00   0.000E+00   0.000E+00   0.000E+00
     -7.7   16.7    5.0    6.0  300.0  620.7   0.000E+00   0.255E-01   0.219E-03   0.000E+00   0.000E+00   0.000E+00   0.000E+00   0.000E+00   0.000E+00   0.000E+00   0.000E+00   0.000E+00   0.000E+00   0.000E+00   0.000E+00
     -7.7   16.7    6.0    7.0    0.7   10.0   0.000E+00   0.125E-04   0.776E-04   0.240E-03   0.771E-03   0.152E-02   0.245E-02   0.309E-02   0.390E-02   0.627E-02   0.963E-02   0.110E-01   0.138E-01   0.243E-01   0.319E-01
     -7.7   16.7    6.0    7.0   10.0   50.0   0.000E+00   0.601E-02   0.354E-01   0.834E-01   0.115E+00   0.103E+00   0.884E-01   0.809E-01   0.736E-01   0.579E-01   0.388E-01   0.316E-01   0.212E-01   0.685E-02   0.540E-02
     -7.7   16.7    6.0    7.0   50.0  100.0   0.000E+00   0.755E-02   0.295E-01   0.329E-01   0.168E-01   0.851E-02   0.455E-02   0.305E-02   0.179E-02   0.199E-03   0.000E+00   0.000E+00   0.000E+00   0.000E+00   0.000E+00
     -7.7   16.7    6.0    7.0  100.0  200.0   0.000E+00   0.249E-01   0.269E-01   0.116E-01   0.202E-02   0.314E-03   0.274E-04   0.110E-05   0.000E+00   0.000E+00   0.000E+00   0.000E+00   0.000E+00   0.000E+00   0.000E+00
     -7.7   16.7    6.0    7.0  200.0  300.0   0.000E+00   0.343E-01   0.116E-01   0.237E-02   0.275E-04   0.000E+00   0.000E+00   0.000E+00   0.000E+00   0.000E+00   0.000E+00   0.000E+00   0.000E+00   0.000E+00   0.000E+00
     -7.7   16.7    6.0    7.0  300.0  620.7   0.000E+00   0.530E-01   0.775E-02   0.610E-03   0.000E+00   0.000E+00   0.000E+00   0.000E+00   0.000E+00   0.000E+00   0.000E+00   0.000E+00   0.000E+00   0.000E+00   0.000E+00
     -7.7   16.7    7.0    8.4    0.7   10.0   0.000E+00   0.000E+00   0.000E+00   0.000E+00   0.000E+00   0.000E+00   0.000E+00   0.000E+00   0.000E+00   0.000E+00   0.000E+00   0.000E+00   0.000E+00   0.000E+00   0.000E+00
     -7.7   16.7    7.0    8.4   10.0   50.0   0.000E+00   0.901E-02   0.558E-01   0.165E+00   0.401E+00   0.549E+00   0.631E+00   0.663E+00   0.690E+00   0.735E+00   0.768E+00   0.776E+00   0.780E+00   0.749E+00   0.716E+00
     -7.7   16.7    7.0    8.4   50.0  100.0   0.000E+00   0.336E-02   0.189E-01   0.379E-01   0.366E-01   0.254E-01   0.181E-01   0.150E-01   0.122E-01   0.639E-02   0.529E-03   0.700E-06   0.000E+00   0.000E+00   0.000E+00
     -7.7   16.7    7.0    8.4  100.0  200.0   0.000E+00   0.455E-02   0.164E-01   0.150E-01   0.589E-02   0.251E-02   0.925E-03   0.290E-03   0.529E-04   0.000E+00   0.000E+00   0.000E+00   0.000E+00   0.000E+00   0.000E+00
     -7.7   16.7    7.0    8.4  200.0  300.0   0.000E+00   0.107E-01   0.199E-01   0.107E-01   0.256E-02   0.453E-03   0.403E-05   0.000E+00   0.000E+00   0.000E+00   0.000E+00   0.000E+00   0.000E+00   0.000E+00   0.000E+00
     -7.7   16.7    7.0    8.4  300.0  620.7   0.000E+00   0.135E-01   0.709E-02   0.197E-02   0.639E-04   0.000E+00   0.000E+00   0.000E+00   0.000E+00   0.000E+00   0.000E+00   0.000E+00   0.000E+00   0.000E+00   0.000E+00

------------------


     Eps. Range     Mag. Range   Dist. Range

     -7.7   -1.0    4.0    5.0    0.7   10.0   0.000E+00   0.368E-02   0.210E-01   0.210E-01   0.272E-02   0.256E-04   0.000E+00   0.000E+00   0.000E+00   0.000E+00   0.000E+00   0.000E+00   0.000E+00   0.000E+00   0.000E+00
     -7.7   -1.0    4.0    5.0   10.0   50.0   0.000E+00   0.116E+00   0.162E-01   0.142E-02   0.000E+00   0.000E+00   0.000E+00   0.000E+00   0.000E+00   0.000E+00   0.000E+00   0.000E+00   0.000E+00   0.000E+00   0.000E+00
     -7.7   -1.0    4.0    5.0   50.0  100.0   0.000E+00   0.000E+00   0.000E+00   0.000E+00   0.000E+00   0.000E+00   0.000E+00   0.000E+00   0.000E+00   0.000E+00   0.000E+00   0.000E+00   0.000E+00   0.000E+00   0.000E+00
     -7.7   -1.0    4.0    5.0  100.0  200.0   0.000E+00   0.000E+00   0.000E+00   0.000E+00   0.000E+00   0.000E+00   0.000E+00   0.000E+00   0.000E+00   0.000E+00   0.000E+00   0.000E+00   0.000E+00   0.000E+00   0.000E+00
     -7.7   -1.0    4.0    5.0  200.0  300.0   0.000E+00   0.000E+00   0.000E+00   0.000E+00   0.000E+00   0.000E+00   0.000E+00   0.000E+00   0.000E+00   0.000E+00   0.000E+00   0.000E+00   0.000E+00   0.000E+00   0.000E+00
     -7.7   -1.0    4.0    5.0  300.0  620.7   0.000E+00   0.000E+00   0.000E+00   0.000E+00   0.000E+00   0.000E+00   0.000E+00   0.000E+00   0.000E+00   0.000E+00   0.000E+00   0.000E+00   0.000E+00   0.000E+00   0.000E+00
     -7.7   -1.0    5.0    6.0    0.7   10.0   0.000E+00   0.389E-03   0.242E-02   0.737E-02   0.123E-01   0.553E-02   0.133E-02   0.236E-03   0.000E+00   0.000E+00   0.000E+00   0.000E+00   0.000E+00   0.000E+00   0.000E+00
     -7.7   -1.0    5.0    6.0   10.0   50.0   0.000E+00   0.557E-01   0.713E-01   0.172E-01   0.138E-02   0.000E+00   0.000E+00   0.000E+00   0.000E+00   0.000E+00   0.000E+00   0.000E+00   0.000E+00   0.000E+00   0.000E+00
     -7.7   -1.0    5.0    6.0   50.0  100.0   0.000E+00   0.412E-01   0.000E+00   0.000E+00   0.000E+00   0.000E+00   0.000E+00   0.000E+00   0.000E+00   0.000E+00   0.000E+00   0.000E+00   0.000E+00   0.000E+00   0.000E+00
     -7.7   -1.0    5.0    6.0  100.0  200.0   0.000E+00   0.816E-03   0.000E+00   0.000E+00   0.000E+00   0.000E+00   0.000E+00   0.000E+00   0.000E+00   0.000E+00   0.000E+00   0.000E+00   0.000E+00   0.000E+00   0.000E+00
     -7.7   -1.0    5.0    6.0  200.0  300.0   0.000E+00   0.000E+00   0.000E+00   0.000E+00   0.000E+00   0.000E+00   0.000E+00   0.000E+00   0.000E+00   0.000E+00   0.000E+00   0.000E+00   0.000E+00   0.000E+00   0.000E+00
     -7.7   -1.0    5.0    6.0  300.0  620.7   0.000E+00   0.000E+00   0.000E+00   0.000E+00   0.000E+00   0.000E+00   0.000E+00   0.000E+00   0.000E+00   0.000E+00   0.000E+00   0.000E+00   0.000E+00   0.000E+00   0.000E+00
     -7.7   -1.0    6.0    7.0    0.7   10.0   0.000E+00   0.125E-04   0.776E-04   0.240E-03   0.771E-03   0.854E-03   0.426E-03   0.206E-03   0.223E-04   0.000E+00   0.000E+00   0.000E+00   0.000E+00   0.000E+00   0.000E+00
     -7.7   -1.0    6.0    7.0   10.0   50.0   0.000E+00   0.601E-02   0.337E-01   0.263E-01   0.806E-03   0.000E+00   0.000E+00   0.000E+00   0.000E+00   0.000E+00   0.000E+00   0.000E+00   0.000E+00   0.000E+00   0.000E+00
     -7.7   -1.0    6.0    7.0   50.0  100.0   0.000E+00   0.755E-02   0.395E-02   0.000E+00   0.000E+00   0.000E+00   0.000E+00   0.000E+00   0.000E+00   0.000E+00   0.000E+00   0.000E+00   0.000E+00   0.000E+00   0.000E+00
     -7.7   -1.0    6.0    7.0  100.0  200.0   0.000E+00   0.108E-01   0.000E+00   0.000E+00   0.000E+00   0.000E+00   0.000E+00   0.000E+00   0.000E+00   0.000E+00   0.000E+00   0.000E+00   0.000E+00   0.000E+00   0.000E+00
     -7.7   -1.0    6.0    7.0  200.0  300.0   0.000E+00   0.366E-03   0.000E+00   0.000E+00   0.000E+00   0.000E+00   0.000E+00   0.000E+00   0.000E+00   0.000E+00   0.000E+00   0.000E+00   0.000E+00   0.000E+00   0.000E+00
     -7.7   -1.0    6.0    7.0  300.0  620.7   0.000E+00   0.000E+00   0.000E+00   0.000E+00   0.000E+00   0.000E+00   0.000E+00   0.000E+00   0.000E+00   0.000E+00   0.000E+00   0.000E+00   0.000E+00   0.000E+00   0.000E+00
     -7.7   -1.0    7.0    8.4    0.7   10.0   0.000E+00   0.000E+00   0.000E+00   0.000E+00   0.000E+00   0.000E+00   0.000E+00   0.000E+00   0.000E+00   0.000E+00   0.000E+00   0.000E+00   0.000E+00   0.000E+00   0.000E+00
     -7.7   -1.0    7.0    8.4   10.0   50.0   0.000E+00   0.901E-02   0.558E-01   0.154E+00   0.115E+00   0.000E+00   0.000E+00   0.000E+00   0.000E+00   0.000E+00   0.000E+00   0.000E+00   0.000E+00   0.000E+00   0.000E+00
     -7.7   -1.0    7.0    8.4   50.0  100.0   0.000E+00   0.336E-02   0.155E-01   0.000E+00   0.000E+00   0.000E+00   0.000E+00   0.000E+00   0.000E+00   0.000E+00   0.000E+00   0.000E+00   0.000E+00   0.000E+00   0.000E+00
     -7.7   -1.0    7.0    8.4  100.0  200.0   0.000E+00   0.455E-02   0.000E+00   0.000E+00   0.000E+00   0.000E+00   0.000E+00   0.000E+00   0.000E+00   0.000E+00   0.000E+00   0.000E+00   0.000E+00   0.000E+00   0.000E+00
     -7.7   -1.0    7.0    8.4  200.0  300.0   0.000E+00   0.954E-02   0.000E+00   0.000E+00   0.000E+00   0.000E+00   0.000E+00   0.000E+00   0.000E+00   0.000E+00   0.000E+00   0.000E+00   0.000E+00   0.000E+00   0.000E+00
     -7.7   -1.0    7.0    8.4  300.0  620.7   0.000E+00   0.834E-03   0.000E+00   0.000E+00   0.000E+00   0.000E+00   0.000E+00   0.000E+00   0.000E+00   0.000E+00   0.000E+00   0.000E+00   0.000E+00   0.000E+00   0.000E+00
     -1.0    0.0    4.0    5.0    0.7   10.0   0.000E+00   0.000E+00   0.727E-03   0.279E-01   0.301E-01   0.107E-01   0.224E-02   0.337E-03   0.000E+00   0.000E+00   0.000E+00   0.000E+00   0.000E+00   0.000E+00   0.000E+00
     -1.0    0.0    4.0    5.0   10.0   50.0   0.000E+00   0.152E+00   0.699E-01   0.243E-01   0.265E-03   0.000E+00   0.000E+00   0.000E+00   0.000E+00   0.000E+00   0.000E+00   0.000E+00   0.000E+00   0.000E+00   0.000E+00
     -1.0    0.0    4.0    5.0   50.0  100.0   0.000E+00   0.388E-01   0.000E+00   0.000E+00   0.000E+00   0.000E+00   0.000E+00   0.000E+00   0.000E+00   0.000E+00   0.000E+00   0.000E+00   0.000E+00   0.000E+00   0.000E+00
     -1.0    0.0    4.0    5.0  100.0  200.0   0.000E+00   0.000E+00   0.000E+00   0.000E+00   0.000E+00   0.000E+00   0.000E+00   0.000E+00   0.000E+00   0.000E+00   0.000E+00   0.000E+00   0.000E+00   0.000E+00   0.000E+00
     -1.0    0.0    4.0    5.0  200.0  300.0   0.000E+00   0.000E+00   0.000E+00   0.000E+00   0.000E+00   0.000E+00   0.000E+00   0.000E+00   0.000E+00   0.000E+00   0.000E+00   0.000E+00   0.000E+00   0.000E+00   0.000E+00
     -1.0    0.0    4.0    5.0  300.0  620.7   0.000E+00   0.000E+00   0.000E+00   0.000E+00   0.000E+00   0.000E+00   0.000E+00   0.000E+00   0.000E+00   0.000E+00   0.000E+00   0.000E+00   0.000E+00   0.000E+00   0.000E+00
     -1.0    0.0    5.0    6.0    0.7   10.0   0.000E+00   0.000E+00   0.000E+00   0.000E+00   0.871E-02   0.228E-01   0.228E-01   0.180E-01   0.117E-01   0.161E-02   0.000E+00   0.000E+00   0.000E+00   0.000E+00   0.000E+00
     -1.0    0.0    5.0    6.0   10.0   50.0   0.000E+00   0.000E+00   0.115E+00   0.101E+00   0.221E-01   0.752E-02   0.993E-04   0.000E+00   0.000E+00   0.000E+00   0.000E+00   0.000E+00   0.000E+00   0.000E+00   0.000E+00
     -1.0    0.0    5.0    6.0   50.0  100.0   0.000E+00   0.460E-01   0.112E-01   0.000E+00   0.000E+00   0.000E+00   0.000E+00   0.000E+00   0.000E+00   0.000E+00   0.000E+00   0.000E+00   0.000E+00   0.000E+00   0.000E+00
     -1.0    0.0    5.0    6.0  100.0  200.0   0.000E+00   0.259E-01   0.000E+00   0.000E+00   0.000E+00   0.000E+00   0.000E+00   0.000E+00   0.000E+00   0.000E+00   0.000E+00   0.000E+00   0.000E+00   0.000E+00   0.000E+00
     -1.0    0.0    5.0    6.0  200.0  300.0   0.000E+00   0.000E+00   0.000E+00   0.000E+00   0.000E+00   0.000E+00   0.000E+00   0.000E+00   0.000E+00   0.000E+00   0.000E+00   0.000E+00   0.000E+00   0.000E+00   0.000E+00
     -1.0    0.0    5.0    6.0  300.0  620.7   0.000E+00   0.000E+00   0.000E+00   0.000E+00   0.000E+00   0.000E+00   0.000E+00   0.000E+00   0.000E+00   0.000E+00   0.000E+00   0.000E+00   0.000E+00   0.000E+00   0.000E+00
     -1.0    0.0    6.0    7.0    0.7   10.0   0.000E+00   0.000E+00   0.000E+00   0.000E+00   0.000E+00   0.662E-03   0.202E-02   0.244E-02   0.211E-02   0.836E-03   0.000E+00   0.000E+00   0.000E+00   0.000E+00   0.000E+00
     -1.0    0.0    6.0    7.0   10.0   50.0   0.000E+00   0.000E+00   0.169E-02   0.513E-01   0.320E-01   0.294E-02   0.794E-03   0.676E-04   0.000E+00   0.000E+00   0.000E+00   0.000E+00   0.000E+00   0.000E+00   0.000E+00
     -1.0    0.0    6.0    7.0   50.0  100.0   0.000E+00   0.000E+00   0.202E-01   0.402E-02   0.000E+00   0.000E+00   0.000E+00   0.000E+00   0.000E+00   0.000E+00   0.000E+00   0.000E+00   0.000E+00   0.000E+00   0.000E+00
     -1.0    0.0    6.0    7.0  100.0  200.0   0.000E+00   0.138E-01   0.132E-02   0.000E+00   0.000E+00   0.000E+00   0.000E+00   0.000E+00   0.000E+00   0.000E+00   0.000E+00   0.000E+00   0.000E+00   0.000E+00   0.000E+00
     -1.0    0.0    6.0    7.0  200.0  300.0   0.000E+00   0.162E-01   0.000E+00   0.000E+00   0.000E+00   0.000E+00   0.000E+00   0.000E+00   0.000E+00   0.000E+00   0.000E+00   0.000E+00   0.000E+00   0.000E+00   0.000E+00
     -1.0    0.0    6.0    7.0  300.0  620.7   0.000E+00   0.536E-02   0.000E+00   0.000E+00   0.000E+00   0.000E+00   0.000E+00   0.000E+00   0.000E+00   0.000E+00   0.000E+00   0.000E+00   0.000E+00   0.000E+00   0.000E+00
     -1.0    0.0    7.0    8.4    0.7   10.0   0.000E+00   0.000E+00   0.000E+00   0.000E+00   0.000E+00   0.000E+00   0.000E+00   0.000E+00   0.000E+00   0.000E+00   0.000E+00   0.000E+00   0.000E+00   0.000E+00   0.000E+00
     -1.0    0.0    7.0    8.4   10.0   50.0   0.000E+00   0.000E+00   0.000E+00   0.101E-01   0.251E+00   0.251E+00   0.865E-01   0.000E+00   0.000E+00   0.000E+00   0.000E+00   0.000E+00   0.000E+00   0.000E+00   0.000E+00
     -1.0    0.0    7.0    8.4   50.0  100.0   0.000E+00   0.000E+00   0.342E-02   0.295E-01   0.000E+00   0.000E+00   0.000E+00   0.000E+00   0.000E+00   0.000E+00   0.000E+00   0.000E+00   0.000E+00   0.000E+00   0.000E+00
     -1.0    0.0    7.0    8.4  100.0  200.0   0.000E+00   0.000E+00   0.138E-01   0.000E+00   0.000E+00   0.000E+00   0.000E+00   0.000E+00   0.000E+00   0.000E+00   0.000E+00   0.000E+00   0.000E+00   0.000E+00   0.000E+00
     -1.0    0.0    7.0    8.4  200.0  300.0   0.000E+00   0.121E-02   0.108E-02   0.000E+00   0.000E+00   0.000E+00   0.000E+00   0.000E+00   0.000E+00   0.000E+00   0.000E+00   0.000E+00   0.000E+00   0.000E+00   0.000E+00
     -1.0    0.0    7.0    8.4  300.0  620.7   0.000E+00   0.968E-02   0.000E+00   0.000E+00   0.000E+00   0.000E+00   0.000E+00   0.000E+00   0.000E+00   0.000E+00   0.000E+00   0.000E+00   0.000E+00   0.000E+00   0.000E+00
      0.0    1.0    4.0    5.0    0.7   10.0   0.000E+00   0.000E+00   0.000E+00   0.343E-02   0.394E-01   0.432E-01   0.296E-01   0.214E-01   0.127E-01   0.165E-02   0.000E+00   0.000E+00   0.000E+00   0.000E+00   0.000E+00
      0.0    1.0    4.0    5.0   10.0   50.0   0.000E+00   0.571E-01   0.161E+00   0.664E-01   0.207E-01   0.297E-02   0.000E+00   0.000E+00   0.000E+00   0.000E+00   0.000E+00   0.000E+00   0.000E+00   0.000E+00   0.000E+00
      0.0    1.0    4.0    5.0   50.0  100.0   0.000E+00   0.881E-01   0.000E+00   0.000E+00   0.000E+00   0.000E+00   0.000E+00   0.000E+00   0.000E+00   0.000E+00   0.000E+00   0.000E+00   0.000E+00   0.000E+00   0.000E+00
      0.0    1.0    4.0    5.0  100.0  200.0   0.000E+00   0.180E-02   0.000E+00   0.000E+00   0.000E+00   0.000E+00   0.000E+00   0.000E+00   0.000E+00   0.000E+00   0.000E+00   0.000E+00   0.000E+00   0.000E+00   0.000E+00
      0.0    1.0    4.0    5.0  200.0  300.0   0.000E+00   0.000E+00   0.000E+00   0.000E+00   0.000E+00   0.000E+00   0.000E+00   0.000E+00   0.000E+00   0.000E+00   0.000E+00   0.000E+00   0.000E+00   0.000E+00   0.000E+00
      0.0    1.0    4.0    5.0  300.0  620.7   0.000E+00   0.000E+00   0.000E+00   0.000E+00   0.000E+00   0.000E+00   0.000E+00   0.000E+00   0.000E+00   0.000E+00   0.000E+00   0.000E+00   0.000E+00   0.000E+00   0.000E+00
      0.0    1.0    5.0    6.0    0.7   10.0   0.000E+00   0.000E+00   0.000E+00   0.000E+00   0.000E+00   0.610E-02   0.220E-01   0.321E-01   0.403E-01   0.397E-01   0.145E-01   0.714E-02   0.383E-03   0.000E+00   0.000E+00
      0.0    1.0    5.0    6.0   10.0   50.0   0.000E+00   0.000E+00   0.377E-01   0.146E+00   0.857E-01   0.361E-01   0.233E-01   0.160E-01   0.822E-02   0.000E+00   0.000E+00   0.000E+00   0.000E+00   0.000E+00   0.000E+00
      0.0    1.0    5.0    6.0   50.0  100.0   0.000E+00   0.665E-02   0.623E-01   0.606E-02   0.000E+00   0.000E+00   0.000E+00   0.000E+00   0.000E+00   0.000E+00   0.000E+00   0.000E+00   0.000E+00   0.000E+00   0.000E+00
      0.0    1.0    5.0    6.0  100.0  200.0   0.000E+00   0.475E-01   0.624E-03   0.000E+00   0.000E+00   0.000E+00   0.000E+00   0.000E+00   0.000E+00   0.000E+00   0.000E+00   0.000E+00   0.000E+00   0.000E+00   0.000E+00
      0.0    1.0    5.0    6.0  200.0  300.0   0.000E+00   0.135E-01   0.000E+00   0.000E+00   0.000E+00   0.000E+00   0.000E+00   0.000E+00   0.000E+00   0.000E+00   0.000E+00   0.000E+00   0.000E+00   0.000E+00   0.000E+00
      0.0    1.0    5.0    6.0  300.0  620.7   0.000E+00   0.000E+00   0.000E+00   0.000E+00   0.000E+00   0.000E+00   0.000E+00   0.000E+00   0.000E+00   0.000E+00   0.000E+00   0.000E+00   0.000E+00   0.000E+00   0.000E+00
      0.0    1.0    6.0    7.0    0.7   10.0   0.000E+00   0.000E+00   0.000E+00   0.000E+00   0.000E+00   0.000E+00   0.000E+00   0.447E-03   0.176E-02   0.512E-02   0.394E-02   0.281E-02   0.105E-02   0.000E+00   0.000E+00
      0.0    1.0    6.0    7.0   10.0   50.0   0.000E+00   0.000E+00   0.000E+00   0.579E-02   0.732E-01   0.577E-01   0.224E-01   0.104E-01   0.312E-02   0.317E-03   0.000E+00   0.000E+00   0.000E+00   0.000E+00   0.000E+00
      0.0    1.0    6.0    7.0   50.0  100.0   0.000E+00   0.000E+00   0.530E-02   0.235E-01   0.942E-03   0.000E+00   0.000E+00   0.000E+00   0.000E+00   0.000E+00   0.000E+00   0.000E+00   0.000E+00   0.000E+00   0.000E+00
      0.0    1.0    6.0    7.0  100.0  200.0   0.000E+00   0.279E-03   0.153E-01   0.436E-03   0.000E+00   0.000E+00   0.000E+00   0.000E+00   0.000E+00   0.000E+00   0.000E+00   0.000E+00   0.000E+00   0.000E+00   0.000E+00
      0.0    1.0    6.0    7.0  200.0  300.0   0.000E+00   0.177E-01   0.265E-03   0.000E+00   0.000E+00   0.000E+00   0.000E+00   0.000E+00   0.000E+00   0.000E+00   0.000E+00   0.000E+00   0.000E+00   0.000E+00   0.000E+00
      0.0    1.0    6.0    7.0  300.0  620.7   0.000E+00   0.332E-01   0.000E+00   0.000E+00   0.000E+00   0.000E+00   0.000E+00   0.000E+00   0.000E+00   0.000E+00   0.000E+00   0.000E+00   0.000E+00   0.000E+00   0.000E+00
      0.0    1.0    7.0    8.4    0.7   10.0   0.000E+00   0.000E+00   0.000E+00   0.000E+00   0.000E+00   0.000E+00   0.000E+00   0.000E+00   0.000E+00   0.000E+00   0.000E+00   0.000E+00   0.000E+00   0.000E+00   0.000E+00
      0.0    1.0    7.0    8.4   10.0   50.0   0.000E+00   0.000E+00   0.000E+00   0.000E+00   0.345E-01   0.289E+00   0.476E+00   0.487E+00   0.382E+00   0.000E+00   0.000E+00   0.000E+00   0.000E+00   0.000E+00   0.000E+00
      0.0    1.0    7.0    8.4   50.0  100.0   0.000E+00   0.000E+00   0.000E+00   0.841E-02   0.267E-01   0.000E+00   0.000E+00   0.000E+00   0.000E+00   0.000E+00   0.000E+00   0.000E+00   0.000E+00   0.000E+00   0.000E+00
      0.0    1.0    7.0    8.4  100.0  200.0   0.000E+00   0.000E+00   0.261E-02   0.120E-01   0.000E+00   0.000E+00   0.000E+00   0.000E+00   0.000E+00   0.000E+00   0.000E+00   0.000E+00   0.000E+00   0.000E+00   0.000E+00
      0.0    1.0    7.0    8.4  200.0  300.0   0.000E+00   0.000E+00   0.173E-01   0.000E+00   0.000E+00   0.000E+00   0.000E+00   0.000E+00   0.000E+00   0.000E+00   0.000E+00   0.000E+00   0.000E+00   0.000E+00   0.000E+00
      0.0    1.0    7.0    8.4  300.0  620.7   0.000E+00   0.302E-02   0.692E-03   0.000E+00   0.000E+00   0.000E+00   0.000E+00   0.000E+00   0.000E+00   0.000E+00   0.000E+00   0.000E+00   0.000E+00   0.000E+00   0.000E+00
      1.0    2.0    4.0    5.0    0.7   10.0   0.000E+00   0.000E+00   0.000E+00   0.000E+00   0.615E-02   0.222E-01   0.337E-01   0.366E-01   0.372E-01   0.261E-01   0.835E-02   0.402E-02   0.570E-03   0.000E+00   0.000E+00
      1.0    2.0    4.0    5.0   10.0   50.0   0.000E+00   0.106E-02   0.959E-01   0.861E-01   0.322E-01   0.178E-01   0.882E-02   0.449E-02   0.128E-02   0.000E+00   0.000E+00   0.000E+00   0.000E+00   0.000E+00   0.000E+00
      1.0    2.0    4.0    5.0   50.0  100.0   0.000E+00   0.436E-01   0.168E-01   0.000E+00   0.000E+00   0.000E+00   0.000E+00   0.000E+00   0.000E+00   0.000E+00   0.000E+00   0.000E+00   0.000E+00   0.000E+00   0.000E+00
      1.0    2.0    4.0    5.0  100.0  200.0   0.000E+00   0.129E-01   0.000E+00   0.000E+00   0.000E+00   0.000E+00   0.000E+00   0.000E+00   0.000E+00   0.000E+00   0.000E+00   0.000E+00   0.000E+00   0.000E+00   0.000E+00
      1.0    2.0    4.0    5.0  200.0  300.0   0.000E+00   0.000E+00   0.000E+00   0.000E+00   0.000E+00   0.000E+00   0.000E+00   0.000E+00   0.000E+00   0.000E+00   0.000E+00   0.000E+00   0.000E+00   0.000E+00   0.000E+00
      1.0    2.0    4.0    5.0  300.0  620.7   0.000E+00   0.000E+00   0.000E+00   0.000E+00   0.000E+00   0.000E+00   0.000E+00   0.000E+00   0.000E+00   0.000E+00   0.000E+00   0.000E+00   0.000E+00   0.000E+00   0.000E+00
      1.0    2.0    5.0    6.0    0.7   10.0   0.000E+00   0.000E+00   0.000E+00   0.000E+00   0.000E+00   0.000E+00   0.259E-03   0.276E-02   0.856E-02   0.365E-01   0.692E-01   0.701E-01   0.632E-01   0.233E-01   0.919E-02
      1.0    2.0    5.0    6.0   10.0   50.0   0.000E+00   0.000E+00   0.000E+00   0.348E-01   0.967E-01   0.730E-01   0.442E-01   0.356E-01   0.297E-01   0.200E-01   0.191E-02   0.000E+00   0.000E+00   0.000E+00   0.000E+00
      1.0    2.0    5.0    6.0   50.0  100.0   0.000E+00   0.000E+00   0.320E-01   0.313E-01   0.926E-03   0.000E+00   0.000E+00   0.000E+00   0.000E+00   0.000E+00   0.000E+00   0.000E+00   0.000E+00   0.000E+00   0.000E+00
      1.0    2.0    5.0    6.0  100.0  200.0   0.000E+00   0.129E-01   0.118E-01   0.237E-04   0.000E+00   0.000E+00   0.000E+00   0.000E+00   0.000E+00   0.000E+00   0.000E+00   0.000E+00   0.000E+00   0.000E+00   0.000E+00
      1.0    2.0    5.0    6.0  200.0  300.0   0.000E+00   0.222E-01   0.000E+00   0.000E+00   0.000E+00   0.000E+00   0.000E+00   0.000E+00   0.000E+00   0.000E+00   0.000E+00   0.000E+00   0.000E+00   0.000E+00   0.000E+00
      1.0    2.0    5.0    6.0  300.0  620.7   0.000E+00   0.146E-01   0.000E+00   0.000E+00   0.000E+00   0.000E+00   0.000E+00   0.000E+00   0.000E+00   0.000E+00   0.000E+00   0.000E+00   0.000E+00   0.000E+00   0.000E+00
      1.0    2.0    6.0    7.0    0.7   10.0   0.000E+00   0.000E+00   0.000E+00   0.000E+00   0.000E+00   0.000E+00   0.000E+00   0.000E+00   0.000E+00   0.312E-03   0.569E-02   0.824E-02   0.104E-01   0.908E-02   0.659E-02
      1.0    2.0    6.0    7.0   10.0   50.0   0.000E+00   0.000E+00   0.000E+00   0.000E+00   0.920E-02   0.412E-01   0.561E-01   0.533E-01   0.448E-01   0.148E-01   0.279E-02   0.109E-02   0.000E+00   0.000E+00   0.000E+00
      1.0    2.0    6.0    7.0   50.0  100.0   0.000E+00   0.000E+00   0.000E+00   0.542E-02   0.127E-01   0.243E-02   0.000E+00   0.000E+00   0.000E+00   0.000E+00   0.000E+00   0.000E+00   0.000E+00   0.000E+00   0.000E+00
      1.0    2.0    6.0    7.0  100.0  200.0   0.000E+00   0.000E+00   0.101E-01   0.645E-02   0.000E+00   0.000E+00   0.000E+00   0.000E+00   0.000E+00   0.000E+00   0.000E+00   0.000E+00   0.000E+00   0.000E+00   0.000E+00
      1.0    2.0    6.0    7.0  200.0  300.0   0.000E+00   0.000E+00   0.747E-02   0.000E+00   0.000E+00   0.000E+00   0.000E+00   0.000E+00   0.000E+00   0.000E+00   0.000E+00   0.000E+00   0.000E+00   0.000E+00   0.000E+00
      1.0    2.0    6.0    7.0  300.0  620.7   0.000E+00   0.142E-01   0.171E-02   0.000E+00   0.000E+00   0.000E+00   0.000E+00   0.000E+00   0.000E+00   0.000E+00   0.000E+00   0.000E+00   0.000E+00   0.000E+00   0.000E+00
      1.0    2.0    7.0    8.4    0.7   10.0   0.000E+00   0.000E+00   0.000E+00   0.000E+00   0.000E+00   0.000E+00   0.000E+00   0.000E+00   0.000E+00   0.000E+00   0.000E+00   0.000E+00   0.000E+00   0.000E+00   0.000E+00
      1.0    2.0    7.0    8.4   10.0   50.0   0.000E+00   0.000E+00   0.000E+00   0.000E+00   0.000E+00   0.917E-02   0.683E-01   0.175E+00   0.300E+00   0.643E+00   0.438E+00   0.352E-01   0.000E+00   0.000E+00   0.000E+00
      1.0    2.0    7.0    8.4   50.0  100.0   0.000E+00   0.000E+00   0.000E+00   0.000E+00   0.985E-02   0.231E-01   0.104E-01   0.295E-02   0.000E+00   0.000E+00   0.000E+00   0.000E+00   0.000E+00   0.000E+00   0.000E+00
      1.0    2.0    7.0    8.4  100.0  200.0   0.000E+00   0.000E+00   0.000E+00   0.295E-02   0.145E-02   0.000E+00   0.000E+00   0.000E+00   0.000E+00   0.000E+00   0.000E+00   0.000E+00   0.000E+00   0.000E+00   0.000E+00
      1.0    2.0    7.0    8.4  200.0  300.0   0.000E+00   0.000E+00   0.150E-02   0.949E-02   0.000E+00   0.000E+00   0.000E+00   0.000E+00   0.000E+00   0.000E+00   0.000E+00   0.000E+00   0.000E+00   0.000E+00   0.000E+00
      1.0    2.0    7.0    8.4  300.0  620.7   0.000E+00   0.000E+00   0.549E-02   0.537E-04   0.000E+00   0.000E+00   0.000E+00   0.000E+00   0.000E+00   0.000E+00   0.000E+00   0.000E+00   0.000E+00   0.000E+00   0.000E+00
      2.0   16.7    4.0    5.0    0.7   10.0   0.000E+00   0.000E+00   0.000E+00   0.000E+00   0.000E+00   0.764E-03   0.533E-02   0.914E-02   0.140E-01   0.281E-01   0.376E-01   0.378E-01   0.347E-01   0.229E-01   0.186E-01
      2.0   16.7    4.0    5.0   10.0   50.0   0.000E+00   0.000E+00   0.134E-01   0.403E-01   0.309E-01   0.194E-01   0.140E-01   0.126E-01   0.113E-01   0.582E-02   0.137E-02   0.496E-03   0.686E-05   0.000E+00   0.000E+00
      2.0   16.7    4.0    5.0   50.0  100.0   0.000E+00   0.444E-02   0.175E-01   0.523E-02   0.105E-04   0.000E+00   0.000E+00   0.000E+00   0.000E+00   0.000E+00   0.000E+00   0.000E+00   0.000E+00   0.000E+00   0.000E+00
      2.0   16.7    4.0    5.0  100.0  200.0   0.000E+00   0.877E-02   0.479E-03   0.000E+00   0.000E+00   0.000E+00   0.000E+00   0.000E+00   0.000E+00   0.000E+00   0.000E+00   0.000E+00   0.000E+00   0.000E+00   0.000E+00
      2.0   16.7    4.0    5.0  200.0  300.0   0.000E+00   0.123E-02   0.000E+00   0.000E+00   0.000E+00   0.000E+00   0.000E+00   0.000E+00   0.000E+00   0.000E+00   0.000E+00   0.000E+00   0.000E+00   0.000E+00   0.000E+00
      2.0   16.7    4.0    5.0  300.0  620.7   0.000E+00   0.251E-04   0.000E+00   0.000E+00   0.000E+00   0.000E+00   0.000E+00   0.000E+00   0.000E+00   0.000E+00   0.000E+00   0.000E+00   0.000E+00   0.000E+00   0.000E+00
      2.0   16.7    5.0    6.0    0.7   10.0   0.000E+00   0.000E+00   0.000E+00   0.000E+00   0.000E+00   0.000E+00   0.000E+00   0.000E+00   0.000E+00   0.109E-02   0.175E-01   0.326E-01   0.631E-01   0.162E+00   0.212E+00
      2.0   16.7    5.0    6.0   10.0   50.0   0.000E+00   0.000E+00   0.000E+00   0.474E-03   0.190E-01   0.382E-01   0.461E-01   0.452E-01   0.437E-01   0.340E-01   0.324E-01   0.292E-01   0.236E-01   0.118E-01   0.651E-02
      2.0   16.7    5.0    6.0   50.0  100.0   0.000E+00   0.000E+00   0.197E-02   0.144E-01   0.103E-01   0.249E-02   0.441E-03   0.101E-03   0.256E-05   0.000E+00   0.000E+00   0.000E+00   0.000E+00   0.000E+00   0.000E+00
      2.0   16.7    5.0    6.0  100.0  200.0   0.000E+00   0.363E-03   0.958E-02   0.392E-02   0.593E-04   0.000E+00   0.000E+00   0.000E+00   0.000E+00   0.000E+00   0.000E+00   0.000E+00   0.000E+00   0.000E+00   0.000E+00
      2.0   16.7    5.0    6.0  200.0  300.0   0.000E+00   0.511E-02   0.241E-02   0.898E-05   0.000E+00   0.000E+00   0.000E+00   0.000E+00   0.000E+00   0.000E+00   0.000E+00   0.000E+00   0.000E+00   0.000E+00   0.000E+00
      2.0   16.7    5.0    6.0  300.0  620.7   0.000E+00   0.109E-01   0.219E-03   0.000E+00   0.000E+00   0.000E+00   0.000E+00   0.000E+00   0.000E+00   0.000E+00   0.000E+00   0.000E+00   0.000E+00   0.000E+00   0.000E+00
      2.0   16.7    6.0    7.0    0.7   10.0   0.000E+00   0.000E+00   0.000E+00   0.000E+00   0.000E+00   0.000E+00   0.000E+00   0.000E+00   0.000E+00   0.000E+00   0.000E+00   0.000E+00   0.226E-02   0.152E-01   0.253E-01
      2.0   16.7    6.0    7.0   10.0   50.0   0.000E+00   0.000E+00   0.000E+00   0.000E+00   0.000E+00   0.151E-02   0.911E-02   0.171E-01   0.256E-01   0.427E-01   0.361E-01   0.306E-01   0.212E-01   0.685E-02   0.540E-02
      2.0   16.7    6.0    7.0   50.0  100.0   0.000E+00   0.000E+00   0.000E+00   0.000E+00   0.320E-02   0.609E-02   0.455E-02   0.305E-02   0.179E-02   0.199E-03   0.000E+00   0.000E+00   0.000E+00   0.000E+00   0.000E+00
      2.0   16.7    6.0    7.0  100.0  200.0   0.000E+00   0.000E+00   0.161E-03   0.476E-02   0.202E-02   0.314E-03   0.274E-04   0.110E-05   0.000E+00   0.000E+00   0.000E+00   0.000E+00   0.000E+00   0.000E+00   0.000E+00
      2.0   16.7    6.0    7.0  200.0  300.0   0.000E+00   0.000E+00   0.382E-02   0.237E-02   0.275E-04   0.000E+00   0.000E+00   0.000E+00   0.000E+00   0.000E+00   0.000E+00   0.000E+00   0.000E+00   0.000E+00   0.000E+00
      2.0   16.7    6.0    7.0  300.0  620.7   0.000E+00   0.195E-03   0.604E-02   0.610E-03   0.000E+00   0.000E+00   0.000E+00   0.000E+00   0.000E+00   0.000E+00   0.000E+00   0.000E+00   0.000E+00   0.000E+00   0.000E+00
      2.0   16.7    7.0    8.4    0.7   10.0   0.000E+00   0.000E+00   0.000E+00   0.000E+00   0.000E+00   0.000E+00   0.000E+00   0.000E+00   0.000E+00   0.000E+00   0.000E+00   0.000E+00   0.000E+00   0.000E+00   0.000E+00
      2.0   16.7    7.0    8.4   10.0   50.0   0.000E+00   0.000E+00   0.000E+00   0.000E+00   0.000E+00   0.000E+00   0.000E+00   0.807E-03   0.829E-02   0.918E-01   0.330E+00   0.741E+00   0.780E+00   0.749E+00   0.716E+00
      2.0   16.7    7.0    8.4   50.0  100.0   0.000E+00   0.000E+00   0.000E+00   0.000E+00   0.000E+00   0.231E-02   0.762E-02   0.121E-01   0.122E-01   0.639E-02   0.529E-03   0.700E-06   0.000E+00   0.000E+00   0.000E+00
      2.0   16.7    7.0    8.4  100.0  200.0   0.000E+00   0.000E+00   0.000E+00   0.000E+00   0.444E-02   0.251E-02   0.925E-03   0.290E-03   0.529E-04   0.000E+00   0.000E+00   0.000E+00   0.000E+00   0.000E+00   0.000E+00
      2.0   16.7    7.0    8.4  200.0  300.0   0.000E+00   0.000E+00   0.000E+00   0.118E-02   0.256E-02   0.453E-03   0.403E-05   0.000E+00   0.000E+00   0.000E+00   0.000E+00   0.000E+00   0.000E+00   0.000E+00   0.000E+00
      2.0   16.7    7.0    8.4  300.0  620.7   0.000E+00   0.000E+00   0.908E-03   0.191E-02   0.639E-04   0.000E+00   0.000E+00   0.000E+00   0.000E+00   0.000E+00   0.000E+00   0.000E+00   0.000E+00   0.000E+00   0.000E+00

-------------------------------------                                                                     --------------------------------------

